key,coupler_widths,C11,C12,C13,C14,C15,C21,C22,C23,C24,C25,C31,C32,C33,C34,C35,C41,C42,C43,C44,C45,C51,C52,C53,C54,C55
clockmon_0_0_0_138.0_132.0_132.0,"[0, 0, 0, 138.0, 132.0, 132.0]",4.708276434128462e-14,4.540121190666856e-17,1.590327047993272e-17,4.3596851646479877e-16,9.861641191413015e-15,4.540121190666856e-17,5.162902932200042e-14,1.113470333360687e-16,7.223616819652309e-16,9.460905479662794e-15,1.590327047993272e-17,1.113470333360687e-16,5.166351126619032e-14,9.475457448856103e-15,7.176952588146137e-16,4.3596851646479877e-16,7.223616819652309e-16,9.475457448856103e-15,9.922721003568226e-14,3.7762005904337526e-14,9.861641191413015e-15,9.460905479662794e-15,7.176952588146137e-16,3.7762005904337526e-14,9.395334854269954e-14
clockmon_0_0_0_138.0_132.0_166.0,"[0, 0, 0, 138.0, 132.0, 166.0]",4.7353608472302045e-14,4.5303345925635815e-17,1.848261164492027e-17,4.355420634993177e-16,9.868229040244193e-15,4.5303345925635815e-17,5.186328034595138e-14,1.431774727752245e-16,7.1315601571624e-16,9.472726416571487e-15,1.848261164492027e-17,1.431774727752245e-16,5.516466308115984e-14,1.117390646338457e-14,9.239284406464578e-16,4.355420634993177e-16,7.1315601571624e-16,1.117390646338457e-14,9.829231674480512e-14,3.771460033794935e-14,9.868229040244193e-15,9.472726416571487e-15,9.239284406464578e-16,3.771460033794935e-14,9.38576974919606e-14
clockmon_0_0_0_138.0_132.0_200.0,"[0, 0, 0, 138.0, 132.0, 200.0]",4.706250182877591e-14,4.535506219917092e-17,2.133217978107048e-17,4.343778546880584e-16,9.860902732589113e-15,4.535506219917092e-17,5.156009669585811e-14,1.896055305873961e-16,6.990730607579967e-16,9.45098990234756e-15,2.133217978107048e-17,1.896055305873961e-16,5.847168964831112e-14,1.254229294264894e-14,1.2068597766430792e-15,4.343778546880584e-16,6.990730607579967e-16,1.254229294264894e-14,9.739159119400753e-14,3.7612868657317e-14,9.860902732589113e-15,9.45098990234756e-15,1.2068597766430792e-15,3.7612868657317e-14,9.365426400691396e-14
clockmon_0_0_0_138.0_132.0_30.0,"[0, 0, 0, 138.0, 132.0, 30.0]",4.7080112572486524e-14,4.541985258029859e-17,8.912056857012519e-18,4.387156943469118e-16,9.862362429739484e-15,4.541985258029859e-17,5.164946469296172e-14,5.530589698359738e-17,7.438011964593813e-16,9.462968893619573e-15,8.912056857012519e-18,5.530589698359738e-17,4.240724863977385e-14,3.639828073388106e-15,3.264177332496754e-16,4.387156943469118e-16,7.438011964593813e-16,3.639828073388106e-15,1.0237334780781942e-13,3.791350168088357e-14,9.862362429739484e-15,9.462968893619573e-15,3.264177332496754e-16,3.791350168088357e-14,9.417584102327559e-14
clockmon_0_0_0_138.0_132.0_64.0,"[0, 0, 0, 138.0, 132.0, 64.0]",4.707162924579009e-14,4.542492239170927e-17,1.113523439270485e-17,4.378205271435775e-16,9.86209438816911e-15,4.542492239170927e-17,5.1637183250183277e-14,7.024467398108934e-17,7.377494061854153e-16,9.462260690584076e-15,1.113523439270485e-17,7.024467398108934e-17,4.531274324662585e-14,5.646621416864649e-15,4.363999354365776e-16,4.378205271435775e-16,7.377494061854153e-16,5.646621416864649e-15,1.0131606443602512e-13,3.786769799135514e-14,9.86209438816911e-15,9.462260690584076e-15,4.363999354365776e-16,3.786769799135514e-14,9.41124342225591e-14
clockmon_0_0_0_138.0_132.0_98.0,"[0, 0, 0, 138.0, 132.0, 98.0]",4.708263240611578e-14,4.541977253214513e-17,1.34700305409144e-17,4.368631623787645e-16,9.862308653831915e-15,4.541977253214513e-17,5.163985859759429e-14,8.8611603922346e-17,7.306445723552554e-16,9.461461028283567e-15,1.34700305409144e-17,8.8611603922346e-17,4.8443726453532313e-14,7.609931302833784e-15,5.619493731576287e-16,4.368631623787645e-16,7.306445723552554e-16,7.609931302833784e-15,1.002572487027739e-13,3.781867424848028e-14,9.862308653831915e-15,9.461461028283567e-15,5.619493731576287e-16,3.781867424848028e-14,9.404354100874922e-14
clockmon_0_0_0_138.0_166.0_132.0,"[0, 0, 0, 138.0, 166.0, 132.0]",4.705349100215865e-14,5.380410219835649e-17,1.587692061021109e-17,4.357544675679374e-16,9.857556781813411e-15,5.380410219835649e-17,5.493909023752909e-14,1.429316854469642e-16,9.296006869671515e-16,1.114367920207094e-14,1.587692061021109e-17,1.429316854469642e-16,5.161131199062802e-14,9.472254032266032e-15,7.074470412076156e-16,4.357544675679374e-16,9.296006869671515e-16,9.472254032266032e-15,9.909704148715778e-14,3.76883398123866e-14,9.857556781813411e-15,1.114367920207094e-14,7.074470412076156e-16,3.76883398123866e-14,9.296773857065423e-14
clockmon_0_0_0_138.0_166.0_166.0,"[0, 0, 0, 138.0, 166.0, 166.0]",4.733162668134185e-14,5.363067510956322e-17,1.84301670219152e-17,4.354237811211087e-16,9.864906001286511e-15,5.363067510956322e-17,5.518354553606408e-14,1.90033258417338e-16,9.1484827530048e-16,1.114927471711911e-14,1.84301670219152e-17,1.90033258417338e-16,5.5115588759962206e-14,1.117057253464709e-14,9.085629818787326e-16,4.354237811211087e-16,9.1484827530048e-16,1.117057253464709e-14,9.816445105046927e-14,3.764642230375497e-14,9.864906001286511e-15,1.114927471711911e-14,9.085629818787326e-16,3.764642230375497e-14,9.288301212973368e-14
clockmon_0_0_0_138.0_166.0_200.0,"[0, 0, 0, 138.0, 166.0, 200.0]",4.7046286824734644e-14,5.369773984128712e-17,2.125351086457207e-17,4.341591736503686e-16,9.856942554051304e-15,5.369773984128712e-17,5.4863034082844104e-14,2.63378031603653e-16,8.942937705017192e-16,1.113304383974298e-14,2.125351086457207e-17,2.63378031603653e-16,5.841286025361371e-14,1.253620188798742e-14,1.18258506288349e-15,4.341591736503686e-16,8.942937705017192e-16,1.253620188798742e-14,9.727006313897457e-14,3.754598619100002e-14,9.856942554051304e-15,1.113304383974298e-14,1.18258506288349e-15,3.754598619100002e-14,9.268035933844691e-14
clockmon_0_0_0_138.0_166.0_30.0,"[0, 0, 0, 138.0, 166.0, 30.0]",4.705590677397242e-14,5.3809409588803826e-17,8.89748292302142e-18,4.384869950318364e-16,9.857893908767828e-15,5.3809409588803826e-17,5.4991618435093336e-14,6.67631527098579e-17,9.586474441422701e-16,1.114663380362237e-14,8.89748292302142e-18,6.67631527098579e-17,4.236563315675533e-14,3.637710767967337e-15,3.226813086249007e-16,4.384869950318364e-16,9.586474441422701e-16,3.637710767967337e-15,1.0223548214660333e-13,3.783813082075992e-14,9.857893908767828e-15,1.114663380362237e-14,3.226813086249007e-16,3.783813082075992e-14,9.318845812699478e-14
clockmon_0_0_0_138.0_166.0_64.0,"[0, 0, 0, 138.0, 166.0, 64.0]",4.7054669977873856e-14,5.380762334347897e-17,1.111700205123808e-17,4.375662323747359e-16,9.857835306602993e-15,5.380762334347897e-17,5.49807048888203e-14,8.618608680182486e-17,9.507402210320483e-16,1.114612321765788e-14,1.111700205123808e-17,8.618608680182486e-17,4.5283418870448346e-14,5.644863801914053e-15,4.311372907147441e-16,4.375662323747359e-16,9.507402210320483e-16,5.644863801914053e-15,1.0118214577972008e-13,3.779354463777607e-14,9.857835306602993e-15,1.114612321765788e-14,4.311372907147441e-16,3.779354463777607e-14,9.31273002971468e-14
clockmon_0_0_0_138.0_166.0_98.0,"[0, 0, 0, 138.0, 166.0, 98.0]",4.7056952703533144e-14,5.380658649142799e-17,1.345016963010018e-17,4.366435849411912e-16,9.85807528262651e-15,5.380658649142799e-17,5.4965555087243476e-14,1.107655188656198e-16,9.413496998343978e-16,1.114540499829327e-14,1.345016963010018e-17,1.107655188656198e-16,4.8392767079323255e-14,7.602758923177689e-15,5.54394252789931e-16,4.366435849411912e-16,9.413496998343978e-16,7.602758923177689e-15,1.0012622504128763e-13,3.77443676690182e-14,9.85807528262651e-15,1.114540499829327e-14,5.54394252789931e-16,3.77443676690182e-14,9.305842754792488e-14
clockmon_0_0_0_138.0_200.0_132.0,"[0, 0, 0, 138.0, 200.0, 132.0]",4.704954489927488e-14,6.314680153932939e-17,1.582452792084227e-17,4.354021838434604e-16,9.855506143125694e-15,6.314680153932939e-17,5.841476020058577e-14,1.897150329384607e-16,1.213207554163281e-15,1.25246181938668e-14,1.582452792084227e-17,1.897150329384607e-16,5.1567116083577405e-14,9.46833340859721e-15,6.949071602418596e-16,4.354021838434604e-16,1.213207554163281e-15,9.46833340859721e-15,9.892475021838638e-14,3.761178910248135e-14,9.855506143125694e-15,1.25246181938668e-14,6.949071602418596e-16,3.761178910248135e-14,9.212174127587691e-14
clockmon_0_0_0_138.0_200.0_166.0,"[0, 0, 0, 138.0, 200.0, 166.0]",4.7441760780366624e-14,6.305022645863218e-17,1.844032418551416e-17,4.347911756311817e-16,9.878919761593698e-15,6.305022645863218e-17,5.884729325860666e-14,2.639274262141233e-16,1.189951757678791e-15,1.255816684882362e-14,1.844032418551416e-17,2.639274262141233e-16,5.5350917011656106e-14,1.118575480176059e-14,8.893769797206778e-16,4.347911756311817e-16,1.189951757678791e-15,1.118575480176059e-14,9.802227263543136e-14,3.7587817450947675e-14,9.878919761593698e-15,1.255816684882362e-14,8.893769797206778e-16,3.7587817450947675e-14,9.20556965527459e-14
clockmon_0_0_0_138.0_200.0_200.0,"[0, 0, 0, 138.0, 200.0, 200.0]",4.7039022464735466e-14,6.299504578170361e-17,2.111629947545357e-17,4.338241972958628e-16,9.853669317374254e-15,6.299504578170361e-17,5.830127232106234e-14,3.875335153014858e-16,1.155740838727502e-15,1.250748188074097e-14,2.111629947545357e-17,3.875335153014858e-16,5.832707504465069e-14,1.252602100519661e-14,1.150033299904475e-15,4.338241972958628e-16,1.155740838727502e-15,1.252602100519661e-14,9.711256517198642e-14,3.74754787853115e-14,9.853669317374254e-15,1.250748188074097e-14,1.150033299904475e-15,3.74754787853115e-14,9.18486373953977e-14
clockmon_0_0_0_138.0_200.0_30.0,"[0, 0, 0, 138.0, 200.0, 30.0]",4.7049464970206277e-14,6.318601846713967e-17,8.880026176144063e-18,4.3812566258724434e-16,9.855448421797834e-15,6.318601846713967e-17,5.847818839540137e-14,8.224499832748485e-17,1.254165672136872e-15,1.252860150642072e-14,8.880026176144063e-18,8.224499832748485e-17,4.235735043755751e-14,3.637274142948214e-15,3.1856482316090255e-16,4.3812566258724434e-16,1.254165672136872e-15,3.637274142948214e-15,1.0205299047973891e-13,3.775784264619116e-14,9.855448421797834e-15,1.252860150642072e-14,3.1856482316090255e-16,3.775784264619116e-14,9.233518386526018e-14
clockmon_0_0_0_138.0_200.0_64.0,"[0, 0, 0, 138.0, 200.0, 64.0]",4.704823949272476e-14,6.318349295354149e-17,1.109078933744592e-17,4.372154188802474e-16,9.85524586954018e-15,6.318349295354149e-17,5.846348906747492e-14,1.084818804923948e-16,1.243455802550595e-15,1.252793497518541e-14,1.109078933744592e-17,1.084818804923948e-16,4.52694454323773e-14,5.642796041946218e-15,4.251659511121465e-16,4.372154188802474e-16,1.243455802550595e-15,5.642796041946218e-15,1.0100109176215371e-13,3.771418035642083e-14,9.85524586954018e-15,1.252793497518541e-14,4.251659511121465e-16,3.771418035642083e-14,9.22755398264497e-14
clockmon_0_0_0_138.0_200.0_98.0,"[0, 0, 0, 138.0, 200.0, 98.0]",4.704977303929928e-14,6.317777164364919e-17,1.342356327283934e-17,4.3626345833791956e-16,9.855104186653158e-15,6.317777164364919e-17,5.842380118232338e-14,1.422987237726889e-16,1.23007965321356e-15,1.2525839937137728e-14,1.342356327283934e-17,1.422987237726889e-16,4.8368509436799336e-14,7.599504642255049e-15,5.458073195041003e-16,4.3626345833791956e-16,1.23007965321356e-15,7.599504642255049e-15,9.995089072438178e-14,3.7665301686957304e-14,9.855104186653158e-15,1.2525839937137728e-14,5.458073195041003e-16,3.7665301686957304e-14,9.220817846828611e-14
clockmon_0_0_0_138.0_30.0_132.0,"[0, 0, 0, 138.0, 30.0, 132.0]",4.707911298298989e-14,2.287892207327367e-17,1.6007655685578426e-17,4.365346722819864e-16,9.86964549871316e-15,2.287892207327367e-17,4.2359985677867524e-14,5.526985384444981e-17,3.287219616334114e-16,3.631839632940379e-15,1.6007655685578426e-17,5.526985384444981e-17,5.1671404338040935e-14,9.47654665622635e-15,7.392390673816814e-16,4.365346722819864e-16,3.287219616334114e-16,9.47654665622635e-15,9.944487397291082e-14,3.7912102176807634e-14,9.86964549871316e-15,3.631839632940379e-15,7.392390673816814e-16,3.7912102176807634e-14,9.709047316893065e-14
clockmon_0_0_0_138.0_30.0_166.0,"[0, 0, 0, 138.0, 30.0, 166.0]",4.7361900123923376e-14,2.284711663178146e-17,1.860647871643007e-17,4.360517031098322e-16,9.876817394949342e-15,2.284711663178146e-17,4.259935599073211e-14,6.681797309967768e-17,3.2567156207135743e-16,3.637683921488859e-15,1.860647871643007e-17,6.681797309967768e-17,5.520146880895373e-14,1.117592679568185e-14,9.531223988656823e-16,4.360517031098322e-16,3.2567156207135743e-16,1.117592679568185e-14,9.850961912107716e-14,3.78638408293712e-14,9.876817394949342e-15,3.637683921488859e-15,9.531223988656823e-16,3.78638408293712e-14,9.699964910193741e-14
clockmon_0_0_0_138.0_30.0_200.0,"[0, 0, 0, 138.0, 30.0, 200.0]",4.706672341985423e-14,2.2847572953158026e-17,2.146757649361729e-17,4.348897308806505e-16,9.869030936731586e-15,2.2847572953158026e-17,4.234025752429558e-14,8.222493383027997e-17,3.208098796454791e-16,3.628338003244486e-15,2.146757649361729e-17,8.222493383027997e-17,5.852617432312576e-14,1.254644996027639e-14,1.248485010593824e-15,4.348897308806505e-16,3.208098796454791e-16,1.254644996027639e-14,9.759886057248924e-14,3.775909379226564e-14,9.869030936731586e-15,3.628338003244486e-15,1.248485010593824e-15,3.775909379226564e-14,9.677889374021498e-14
clockmon_0_0_0_138.0_30.0_30.0,"[0, 0, 0, 138.0, 30.0, 30.0]",4.707595300161549e-14,2.288233315992109e-17,8.951619924641024e-18,4.39267863501968e-16,9.869562230454013e-15,2.288233315992109e-17,4.237870137661102e-14,3.081886458536738e-17,3.380529516293469e-16,3.632804152370389e-15,8.951619924641024e-18,3.081886458536738e-17,4.2394212350975547e-14,3.640559671545294e-15,3.35899294490147e-16,4.39267863501968e-16,3.380529516293469e-16,3.640559671545294e-15,1.0259776989384532e-13,3.806815581564158e-14,9.869562230454013e-15,3.632804152370389e-15,3.35899294490147e-16,3.806815581564158e-14,9.732083831274747e-14
clockmon_0_0_0_138.0_30.0_64.0,"[0, 0, 0, 138.0, 30.0, 64.0]",4.708231763131517e-14,2.288670662199774e-17,1.119279252445147e-17,4.3835793467594044e-16,9.870187063796145e-15,2.288670662199774e-17,4.23760287924656e-14,3.773215867281731e-17,3.3524532357305724e-16,3.632869104849195e-15,1.119279252445147e-17,3.773215867281731e-17,4.5319627866532e-14,5.647722336841424e-15,4.489120308057039e-16,4.3835793467594044e-16,3.3524532357305724e-16,5.647722336841424e-15,1.0154633129608875e-13,3.802288747030081e-14,9.870187063796145e-15,3.632869104849195e-15,4.489120308057039e-16,3.802288747030081e-14,9.725746093916104e-14
clockmon_0_0_0_138.0_30.0_98.0,"[0, 0, 0, 138.0, 30.0, 98.0]",4.708241106536293e-14,2.289161928938115e-17,1.355661434470198e-17,4.374405722481146e-16,9.869928685909805e-15,2.289161928938115e-17,4.2354981897765485e-14,4.604930949313543e-17,3.322609841777383e-16,3.633231610399043e-15,1.355661434470198e-17,4.604930949313543e-17,4.84392088176038e-14,7.607247541539335e-15,5.781473033823708e-16,4.374405722481146e-16,3.322609841777383e-16,7.607247541539335e-15,1.0048009399810513e-13,3.797263336794788e-14,9.869928685909805e-15,3.633231610399043e-15,5.781473033823708e-16,3.797263336794788e-14,9.7180448445954e-14
clockmon_0_0_0_138.0_64.0_132.0,"[0, 0, 0, 138.0, 64.0, 132.0]",4.7076870897829716e-14,3.007979821937407e-17,1.598074518203063e-17,4.363823883652367e-16,9.866861897270526e-15,3.007979821937407e-17,4.5270813171051964e-14,7.02218030224258e-17,4.3946380118009e-16,5.638782393250044e-15,1.598074518203063e-17,7.02218030224258e-17,5.166395437508555e-14,9.476140856587235e-15,7.331651474542812e-16,4.363823883652367e-16,4.3946380118009e-16,9.476140856587235e-15,9.938557752873865e-14,3.786700936934308e-14,9.866861897270526e-15,5.638782393250044e-15,7.331651474542812e-16,3.786700936934308e-14,9.603640911570147e-14
clockmon_0_0_0_138.0_64.0_166.0,"[0, 0, 0, 138.0, 64.0, 166.0]",4.735654051938451e-14,3.001176552320352e-17,1.856908243534314e-17,4.359306715910342e-16,9.87391176986213e-15,3.001176552320352e-17,4.5506473528862843e-14,8.626621345446502e-17,4.35066698526178e-16,5.6458913737675986e-15,1.856908243534314e-17,8.626621345446502e-17,5.518994739483006e-14,1.117564596882276e-14,9.451969929843434e-16,4.359306715910342e-16,4.35066698526178e-16,1.117564596882276e-14,9.844837679561036e-14,3.781899449129917e-14,9.87391176986213e-15,5.6458913737675986e-15,9.451969929843434e-16,3.781899449129917e-14,9.594593812032566e-14
clockmon_0_0_0_138.0_64.0_200.0,"[0, 0, 0, 138.0, 64.0, 200.0]",4.706260373855136e-14,3.003685348831949e-17,2.142572834782279e-17,4.347297540277959e-16,9.866207584599573e-15,3.003685348831949e-17,4.524177616392371e-14,1.08492302492329e-16,4.281323594587513e-16,5.634523734320891e-15,2.142572834782279e-17,1.08492302492329e-16,5.851321536797635e-14,1.254583876727404e-14,1.237802450866819e-15,4.347297540277959e-16,4.281323594587513e-16,1.254583876727404e-14,9.754075971656718e-14,3.771506959766682e-14,9.866207584599573e-15,5.634523734320891e-15,1.237802450866819e-15,3.771506959766682e-14,9.572829738572308e-14
clockmon_0_0_0_138.0_64.0_30.0,"[0, 0, 0, 138.0, 64.0, 30.0]",4.7081405397961715e-14,3.008095074113355e-17,8.93726305180841e-18,4.391035723141265e-16,9.867257698247638e-15,3.008095074113355e-17,4.5299830426375254e-14,3.773528589039924e-17,4.517859663906471e-16,5.639802111478996e-15,8.93726305180841e-18,3.773528589039924e-17,4.2399395858984395e-14,3.640958530362261e-15,3.330953664975567e-16,4.391035723141265e-16,4.517859663906471e-16,3.640958530362261e-15,1.0253972131430448e-13,3.802289503806657e-14,9.867257698247638e-15,5.639802111478996e-15,3.330953664975567e-16,3.802289503806657e-14,9.626695530478755e-14
clockmon_0_0_0_138.0_64.0_64.0,"[0, 0, 0, 138.0, 64.0, 64.0]",4.70756158812549e-14,3.007854226110804e-17,1.117097021941203e-17,4.382162120420744e-16,9.867012255609717e-15,3.007854226110804e-17,4.528281829774364e-14,4.683764277429746e-17,4.481916644623183e-16,5.639527778029388e-15,1.117097021941203e-17,4.683764277429746e-17,4.532253213492711e-14,5.647280603519696e-15,4.452159060869178e-16,4.382162120420744e-16,4.481916644623183e-16,5.647280603519696e-15,1.0148179004022152e-13,3.797678207735187e-14,9.867012255609717e-15,5.639527778029388e-15,4.452159060869178e-16,3.797678207735187e-14,9.62014312987715e-14
clockmon_0_0_0_138.0_64.0_98.0,"[0, 0, 0, 138.0, 64.0, 98.0]",4.7079724366016717e-14,3.009033666872252e-17,1.35307259720598e-17,4.372620065382663e-16,9.867199103749802e-15,3.009033666872252e-17,4.52696887139674e-14,5.782346282012381e-17,4.4416005887454e-16,5.640321682458938e-15,1.35307259720598e-17,5.782346282012381e-17,4.84364369264185e-14,7.608856621546738e-15,5.733963399674537e-16,4.372620065382663e-16,4.4416005887454e-16,7.608856621546738e-15,1.0041969705331775e-13,3.792687541776191e-14,9.867199103749802e-15,5.640321682458938e-15,5.733963399674537e-16,3.792687541776191e-14,9.61271158039735e-14
clockmon_0_0_0_138.0_98.0_132.0,"[0, 0, 0, 138.0, 98.0, 132.0]",4.7078526511649327e-14,3.759625422173482e-17,1.594986251310462e-17,4.3625008928163296e-16,9.863825170392325e-15,3.759625422173482e-17,4.838608837281717e-14,8.85840652569067e-17,5.655551576710836e-16,7.60289122032877e-15,1.594986251310462e-17,8.85840652569067e-17,5.166355227965638e-14,9.47675339366145e-15,7.261596315260327e-16,4.3625008928163296e-16,5.655551576710836e-16,9.47675339366145e-15,9.931867527238508e-14,3.781832101804525e-14,9.863825170392325e-15,7.60289122032877e-15,7.261596315260327e-16,3.781832101804525e-14,9.497862540814033e-14
clockmon_0_0_0_138.0_98.0_166.0,"[0, 0, 0, 138.0, 98.0, 166.0]",4.735968754956425e-14,3.755117762984705e-17,1.851946491655844e-17,4.357848561146629e-16,9.871796222845918e-15,3.755117762984705e-17,4.863998642918483e-14,1.109316793764878e-16,5.591415406813128e-16,7.61023206841152e-15,1.851946491655844e-17,1.109316793764878e-16,5.518311538454186e-14,1.117602495857415e-14,9.355343453328025e-16,4.357848561146629e-16,5.591415406813128e-16,1.117602495857415e-14,9.83826603242667e-14,3.777045631833418e-14,9.871796222845918e-15,7.61023206841152e-15,9.355343453328025e-16,3.777045631833418e-14,9.488626593633888e-14
clockmon_0_0_0_138.0_98.0_200.0,"[0, 0, 0, 138.0, 98.0, 200.0]",4.706755438799039e-14,3.755994486349435e-17,2.140081244895821e-17,4.346009266658991e-16,9.863880910849072e-15,3.755994486349435e-17,4.834728897195582e-14,1.423116002125389e-16,5.494379782261754e-16,7.596330638961706e-15,2.140081244895821e-17,1.423116002125389e-16,5.85084550152133e-14,1.254563124568633e-14,1.224315669249985e-15,4.346009266658991e-16,5.494379782261754e-16,1.254563124568633e-14,9.747687372640424e-14,3.766696374552393e-14,9.863880910849072e-15,7.596330638961706e-15,1.224315669249985e-15,3.766696374552393e-14,9.467463923712542e-14
clockmon_0_0_0_138.0_98.0_30.0,"[0, 0, 0, 138.0, 98.0, 30.0]",4.7083249200350414e-14,3.760007488835315e-17,8.92890943044711e-18,4.389658475948296e-16,9.865243984281648e-15,3.760007488835315e-17,4.840357368845816e-14,4.605765572912844e-17,5.818360740827253e-16,7.604600518970592e-15,8.92890943044711e-18,4.605765572912844e-17,4.240727985048428e-14,3.640436287296149e-15,3.298585155411845e-16,4.389658475948296e-16,5.818360740827253e-16,3.640436287296149e-15,1.0246657490629006e-13,3.797223577856581e-14,9.865243984281648e-15,7.604600518970592e-15,3.298585155411845e-16,3.797223577856581e-14,9.520390423674227e-14
clockmon_0_0_0_138.0_98.0_64.0,"[0, 0, 0, 138.0, 98.0, 64.0]",4.708259975635107e-14,3.759823778555039e-17,1.115600047870948e-17,4.380432045605094e-16,9.865114132505316e-15,3.759823778555039e-17,4.83994591714408e-14,5.780540736517744e-17,5.77067127957622e-16,7.604297107177517e-15,1.115600047870948e-17,5.780540736517744e-17,4.532562009858684e-14,5.647231446377042e-15,4.409201805751032e-16,4.380432045605094e-16,5.77067127957622e-16,5.647231446377042e-15,1.014139597939255e-13,3.792684899815832e-14,9.865114132505316e-15,7.604297107177517e-15,4.409201805751032e-16,3.792684899815832e-14,9.514233845605433e-14
clockmon_0_0_0_138.0_98.0_98.0,"[0, 0, 0, 138.0, 98.0, 98.0]",4.7083535053245594e-14,3.76021373636345e-17,1.350890449126409e-17,4.371342619010799e-16,9.864592289277082e-15,3.76021373636345e-17,4.840853291376165e-14,7.183820921524371e-17,5.714529269689421e-16,7.603385764018792e-15,1.350890449126409e-17,7.183820921524371e-17,4.8455031110380574e-14,7.610697406794329e-15,5.68030713961074e-16,4.371342619010799e-16,5.714529269689421e-16,7.610697406794329e-15,1.0034960996777332e-13,3.787629612863013e-14,9.864592289277082e-15,7.603385764018792e-15,5.68030713961074e-16,3.787629612863013e-14,9.507261220813691e-14
clockmon_0_0_0_192.0_132.0_132.0,"[0, 0, 0, 192.0, 132.0, 132.0]",5.070848660018483e-14,5.971956153609286e-17,1.979649005480203e-17,5.411785338124428e-16,1.275701997872154e-14,5.971956153609286e-17,5.162068470199118e-14,1.113335589940812e-16,7.221096912258875e-16,9.454489157933681e-15,1.979649005480203e-17,1.113335589940812e-16,5.166242673518205e-14,9.476301342114672e-15,7.160343975635671e-16,5.411785338124428e-16,7.221096912258875e-16,9.476301342114672e-15,9.916776645974327e-14,3.772330305823493e-14,1.275701997872154e-14,9.454489157933681e-15,7.160343975635671e-16,3.772330305823493e-14,9.243769966562807e-14
clockmon_0_0_0_192.0_132.0_166.0,"[0, 0, 0, 192.0, 132.0, 166.0]",5.098380220709482e-14,5.965434944584034e-17,2.299545129180279e-17,5.406231332025857e-16,1.276456516598751e-14,5.965434944584034e-17,5.185631448944525e-14,1.432038014406766e-16,7.129559103911845e-16,9.466406991923055e-15,2.299545129180279e-17,1.432038014406766e-16,5.516334631132906e-14,1.117402582497179e-14,9.219640146196063e-16,5.406231332025857e-16,7.129559103911845e-16,1.117402582497179e-14,9.823587636237583e-14,3.766829542197223e-14,1.276456516598751e-14,9.466406991923055e-15,9.219640146196063e-16,3.766829542197223e-14,9.23377459420016e-14
clockmon_0_0_0_192.0_132.0_200.0,"[0, 0, 0, 192.0, 132.0, 200.0]",5.0686222145178725e-14,5.965426885229977e-17,2.657227635403072e-17,5.391091587928342e-16,1.275490727462359e-14,5.965426885229977e-17,5.155414245893702e-14,1.8959211526075822e-16,6.988497403671456e-16,9.44490194836488e-15,2.657227635403072e-17,1.8959211526075822e-16,5.846886436069678e-14,1.254216146299292e-14,1.204570233433242e-15,5.391091587928342e-16,6.988497403671456e-16,1.254216146299292e-14,9.733338033246644e-14,3.757440854719546e-14,1.275490727462359e-14,9.44490194836488e-15,1.204570233433242e-15,3.757440854719546e-14,9.214081755852553e-14
clockmon_0_0_0_192.0_132.0_30.0,"[0, 0, 0, 192.0, 132.0, 30.0]",5.070237967672093e-14,5.974488024062858e-17,1.106843958926167e-17,5.445812451636367e-16,1.275699791621863e-14,5.974488024062858e-17,5.1640893013310966e-14,5.530249435951788e-17,7.435518798423902e-16,9.456576906649906e-15,1.106843958926167e-17,5.530249435951788e-17,4.239362771095046e-14,3.639727578854189e-15,3.25538122712354e-16,5.445812451636367e-16,7.435518798423902e-16,3.639727578854189e-15,1.0231143400628878e-13,3.787404793360381e-14,1.275699791621863e-14,9.456576906649906e-15,3.25538122712354e-16,3.787404793360381e-14,9.26594845988982e-14
clockmon_0_0_0_192.0_132.0_64.0,"[0, 0, 0, 192.0, 132.0, 64.0]",5.0697029379213464e-14,5.974174124487136e-17,1.384097158018398e-17,5.434314344267595e-16,1.275631186020433e-14,5.974174124487136e-17,5.1629579603928985e-14,7.024223554863448e-17,7.375147271333015e-16,9.455693789951318e-15,1.384097158018398e-17,7.024223554863448e-17,4.531105304203658e-14,5.646536111196414e-15,4.352343083045835e-16,5.434314344267595e-16,7.375147271333015e-16,5.646536111196414e-15,1.0125659646636265e-13,3.782861459124008e-14,1.275631186020433e-14,9.455693789951318e-15,4.352343083045835e-16,3.782861459124008e-14,9.259857210008718e-14
clockmon_0_0_0_192.0_132.0_98.0,"[0, 0, 0, 192.0, 132.0, 98.0]",5.0702242971001386e-14,5.973634738792059e-17,1.676078191925634e-17,5.42316526302386e-16,1.2756960006049601e-14,5.973634738792059e-17,5.1631198839726154e-14,8.860143478047346e-17,7.303952136918997e-16,9.455090541057716e-15,1.676078191925634e-17,8.860143478047346e-17,4.843705098943787e-14,7.60962990389165e-15,5.605307406744146e-16,5.42316526302386e-16,7.303952136918997e-16,7.60962990389165e-15,1.001982110077718e-13,3.777950857466158e-14,1.2756960006049601e-14,9.455090541057716e-15,5.605307406744146e-16,3.777950857466158e-14,9.25288118886432e-14
clockmon_0_0_0_192.0_166.0_132.0,"[0, 0, 0, 192.0, 166.0, 132.0]",5.0675962100253865e-14,7.119266645348637e-17,1.975823782621558e-17,5.408033253979719e-16,1.275084603763465e-14,7.119266645348637e-17,5.492952100095659e-14,1.429080484905674e-16,9.293487377631938e-16,1.113618986880785e-14,1.975823782621558e-17,1.429080484905674e-16,5.160893284478741e-14,9.47215153078915e-15,7.057882132192138e-16,5.408033253979719e-16,9.293487377631938e-16,9.47215153078915e-15,9.903757726571545e-14,3.76496327657052e-14,1.275084603763465e-14,1.113618986880785e-14,7.057882132192138e-16,3.76496327657052e-14,9.145574300688682e-14
clockmon_0_0_0_192.0_166.0_166.0,"[0, 0, 0, 192.0, 166.0, 166.0]",5.095695226110825e-14,7.115983518137728e-17,2.29841464011056e-17,5.402874943929276e-16,1.275893327558646e-14,7.115983518137728e-17,5.5175224565333526e-14,1.901873726394984e-16,9.144693394274485e-16,1.114195469157647e-14,2.29841464011056e-17,1.901873726394984e-16,5.511984986150376e-14,1.117026437500398e-14,9.070438611005317e-16,5.402874943929276e-16,9.144693394274485e-16,1.117026437500398e-14,9.810695623847504e-14,3.759973732931591e-14,1.275893327558646e-14,1.114195469157647e-14,9.070438611005317e-16,3.759973732931591e-14,9.136224210923381e-14
clockmon_0_0_0_192.0_166.0_200.0,"[0, 0, 0, 192.0, 166.0, 200.0]",5.066711427009785e-14,7.104836421191277e-17,2.646854833588115e-17,5.387916232241723e-16,1.274946326194136e-14,7.104836421191277e-17,5.485360093669389e-14,2.633619889280289e-16,8.939934173139723e-16,1.112549175596962e-14,2.646854833588115e-17,2.633619889280289e-16,5.841032795434274e-14,1.253606890095801e-14,1.180327081867763e-15,5.387916232241723e-16,8.939934173139723e-16,1.253606890095801e-14,9.721213650493575e-14,3.75074305324819e-14,1.274946326194136e-14,1.112549175596962e-14,1.180327081867763e-15,3.75074305324819e-14,9.116879419227757e-14
clockmon_0_0_0_192.0_166.0_30.0,"[0, 0, 0, 192.0, 166.0, 30.0]",5.0677920830048116e-14,7.118974300972307e-17,1.105071765739877e-17,5.442050541425521e-16,1.27507341971295e-14,7.118974300972307e-17,5.4982305427582747e-14,6.67583614038492e-17,9.583883996869923e-16,1.113890879938643e-14,1.105071765739877e-17,6.67583614038492e-17,4.236210514760449e-14,3.637625798594197e-15,3.217657339183694e-16,5.442050541425521e-16,9.583883996869923e-16,3.637625798594197e-15,1.0217517245059537e-13,3.779931771905141e-14,1.27507341971295e-14,1.113890879938643e-14,3.217657339183694e-16,3.779931771905141e-14,9.167656652918859e-14
clockmon_0_0_0_192.0_166.0_64.0,"[0, 0, 0, 192.0, 166.0, 64.0]",5.06773594526433e-14,7.119007435673761e-17,1.382169708804825e-17,5.430606878736738e-16,1.275076764650661e-14,7.119007435673761e-17,5.497142186074861e-14,8.618031412293459e-17,9.504541051925731e-16,1.113839761623598e-14,1.382169708804825e-17,8.618031412293459e-17,4.5281998544744494e-14,5.644728811756393e-15,4.2998010546829807e-16,5.430606878736738e-16,9.504541051925731e-16,5.644728811756393e-15,1.0112356542987172e-13,3.775469166009422e-14,1.275076764650661e-14,1.113839761623598e-14,4.2998010546829807e-16,3.775469166009422e-14,9.16165775122591e-14
clockmon_0_0_0_192.0_166.0_98.0,"[0, 0, 0, 192.0, 166.0, 98.0]",5.068080282241297e-14,7.119692556703585e-17,1.673023684315962e-17,5.419139747108307e-16,1.275134970144948e-14,7.119692556703585e-17,5.495700663119151e-14,1.107382159679894e-16,9.410202412097091e-16,1.11377157056386e-14,1.673023684315962e-17,1.107382159679894e-16,4.839188723339022e-14,7.60282390004979e-15,5.529666580693589e-16,5.419139747108307e-16,9.410202412097091e-16,7.60282390004979e-15,1.000683521032168e-13,3.770578133906236e-14,1.275134970144948e-14,1.11377157056386e-14,5.529666580693589e-16,3.770578133906236e-14,9.15457610942402e-14
clockmon_0_0_0_192.0_200.0_132.0,"[0, 0, 0, 192.0, 200.0, 132.0]",5.06693082089857e-14,8.401412423758948e-17,1.9695263908421537e-17,5.403645275915415e-16,1.274770037550644e-14,8.401412423758948e-17,5.840338143191734e-14,1.896976870354267e-16,1.212874186278112e-15,1.2515665873737072e-14,1.9695263908421537e-17,1.896976870354267e-16,5.156387993341048e-14,9.468094408721088e-15,6.932430261955271e-16,5.403645275915415e-16,1.212874186278112e-15,9.468094408721088e-15,9.886567346698671e-14,3.757307940990536e-14,1.274770037550644e-14,1.2515665873737072e-14,6.932430261955271e-16,3.757307940990536e-14,9.061071717486731e-14
clockmon_0_0_0_192.0_200.0_166.0,"[0, 0, 0, 192.0, 200.0, 166.0]",5.106849184606345e-14,8.392162457704349e-17,2.293677793827986e-17,5.39725217775754e-16,1.277738978044514e-14,8.392162457704349e-17,5.883578910599809e-14,2.639075211090123e-16,1.189637390761421e-15,1.254894248201345e-14,2.293677793827986e-17,2.639075211090123e-16,5.534831167704247e-14,1.118564184319851e-14,8.874172442560841e-16,5.39725217775754e-16,1.189637390761421e-15,1.118564184319851e-14,9.796558009146202e-14,3.7541652708134e-14,1.277738978044514e-14,1.254894248201345e-14,8.874172442560841e-16,3.7541652708134e-14,9.053697651575952e-14
clockmon_0_0_0_192.0_200.0_200.0,"[0, 0, 0, 192.0, 200.0, 200.0]",5.065921716014172e-14,8.380926154482757e-17,2.630634854441041e-17,5.383893481538112e-16,1.274608883517616e-14,8.380926154482757e-17,5.828983546987615e-14,3.875098672892709e-16,1.155427440037676e-15,1.249871250184561e-14,2.630634854441041e-17,3.875098672892709e-16,5.832943689410422e-14,1.252577204937453e-14,1.1477891296483073e-15,5.383893481538112e-16,1.155427440037676e-15,1.252577204937453e-14,9.705747254004073e-14,3.743673286219156e-14,1.274608883517616e-14,1.249871250184561e-14,1.1477891296483073e-15,3.743673286219156e-14,9.034265717252165e-14
clockmon_0_0_0_192.0_200.0_30.0,"[0, 0, 0, 192.0, 200.0, 30.0]",5.0671712023067386e-14,8.405205894235282e-17,1.102793480112107e-17,5.437478693961668e-16,1.274748970596408e-14,8.405205894235282e-17,5.846770649581599e-14,8.223411081865419e-17,1.25381607227146e-15,1.252014660366775e-14,1.102793480112107e-17,8.223411081865419e-17,4.235620166464157e-14,3.637310689512783e-15,3.1763933032001744e-16,5.437478693961668e-16,1.25381607227146e-15,3.637310689512783e-15,1.0199555018414125e-13,3.771904825699354e-14,1.274748970596408e-14,1.252014660366775e-14,3.1763933032001744e-16,3.771904825699354e-14,9.082543250925313e-14
clockmon_0_0_0_192.0_200.0_64.0,"[0, 0, 0, 192.0, 200.0, 64.0]",5.066868368304489e-14,8.404380236134263e-17,1.378689023961228e-17,5.426035938616839e-16,1.274713514701844e-14,8.404380236134263e-17,5.84521372147209e-14,1.084723273507899e-16,1.243112009001378e-15,1.2518894848962018e-14,1.378689023961228e-17,1.084723273507899e-16,4.526799898697346e-14,5.642724793864287e-15,4.23995078298004e-16,5.426035938616839e-16,1.243112009001378e-15,5.642724793864287e-15,1.0094240095821447e-13,3.7675203124825603e-14,1.274713514701844e-14,1.2518894848962018e-14,4.23995078298004e-16,3.7675203124825603e-14,9.076492519810223e-14
clockmon_0_0_0_192.0_200.0_98.0,"[0, 0, 0, 192.0, 200.0, 98.0]",5.0669180558159767e-14,8.405141662550973e-17,1.66969410501195e-17,5.414406859482714e-16,1.274728653731141e-14,8.405141662550973e-17,5.841210798781961e-14,1.422996589098138e-16,1.229806070293804e-15,1.251660581163961e-14,1.66969410501195e-17,1.422996589098138e-16,4.8363543719673103e-14,7.59969491851783e-15,5.444351128687407e-16,5.414406859482714e-16,1.229806070293804e-15,7.59969491851783e-15,9.989120103582955e-14,3.762671202973044e-14,1.274728653731141e-14,1.251660581163961e-14,5.444351128687407e-16,3.762671202973044e-14,9.0697071151233e-14
clockmon_0_0_0_192.0_30.0_132.0,"[0, 0, 0, 192.0, 30.0, 132.0]",5.0707961036534635e-14,2.964472407398333e-17,1.992373515774157e-17,5.418551177794421e-16,1.2767069721940219e-14,2.964472407398333e-17,4.2357175268441874e-14,5.525925745660913e-17,3.2863118334214384e-16,3.628894714089634e-15,1.992373515774157e-17,5.525925745660913e-17,5.1669788942314075e-14,9.476474530728582e-15,7.375356934928211e-16,5.418551177794421e-16,3.2863118334214384e-16,9.476474530728582e-15,9.938739326194554e-14,3.787362882363359e-14,1.2767069721940219e-14,3.628894714089634e-15,7.375356934928211e-16,3.787362882363359e-14,9.557166620863122e-14
clockmon_0_0_0_192.0_30.0_166.0,"[0, 0, 0, 192.0, 30.0, 166.0]",5.110254384762931e-14,2.961585920288874e-17,2.324200548996607e-17,5.411571449910104e-16,1.279683848840091e-14,2.961585920288874e-17,4.273915862699345e-14,6.682761014304153e-17,3.249074306726785e-16,3.637852339232983e-15,2.324200548996607e-17,6.682761014304153e-17,5.547459584526985e-14,1.119869302249446e-14,9.518486452691027e-16,5.411571449910104e-16,3.249074306726785e-16,1.119869302249446e-14,9.846896191352414e-14,3.78378434388708e-14,1.279683848840091e-14,3.637852339232983e-15,9.518486452691027e-16,3.78378434388708e-14,9.55086450885615e-14
clockmon_0_0_0_192.0_30.0_200.0,"[0, 0, 0, 192.0, 30.0, 200.0]",5.069326935202763e-14,2.9596693080197e-17,2.675076734058191e-17,5.39739523839727e-16,1.276566751937417e-14,2.9596693080197e-17,4.233844530287341e-14,8.221067469219588e-17,3.206843881100234e-16,3.625425804131637e-15,2.675076734058191e-17,8.221067469219588e-17,5.852236920035128e-14,1.254604342538883e-14,1.246237835885817e-15,5.39739523839727e-16,3.206843881100234e-16,1.254604342538883e-14,9.753897126865033e-14,3.772064031696159e-14,1.276566751937417e-14,3.625425804131637e-15,1.246237835885817e-15,3.772064031696159e-14,9.526197528346309e-14
clockmon_0_0_0_192.0_30.0_30.0,"[0, 0, 0, 192.0, 30.0, 30.0]",5.070362948812592e-14,2.964530635577372e-17,1.111868007677047e-17,5.452313801418509e-16,1.27665653002238e-14,2.964530635577372e-17,4.237505630218979e-14,3.081673817259764e-17,3.379427680206831e-16,3.629788337097607e-15,1.111868007677047e-17,3.081673817259764e-17,4.239226053894985e-14,3.640424567772654e-15,3.349448330371244e-16,5.452313801418509e-16,3.379427680206831e-16,3.640424567772654e-15,1.0253813623138451e-13,3.802901025412214e-14,1.27665653002238e-14,3.629788337097607e-15,3.349448330371244e-16,3.802901025412214e-14,9.580272029701713e-14
clockmon_0_0_0_192.0_30.0_64.0,"[0, 0, 0, 192.0, 30.0, 64.0]",5.0711487776580243e-14,2.964771472425261e-17,1.391551912840937e-17,5.44114346601748e-16,1.27672607934076e-14,2.964771472425261e-17,4.237234631747405e-14,3.772825162704521e-17,3.351285010758835e-16,3.629922380876116e-15,1.391551912840937e-17,3.772825162704521e-17,4.5316810545146156e-14,5.647653150480092e-15,4.477213345551087e-16,5.44114346601748e-16,3.351285010758835e-16,5.647653150480092e-15,1.0148727216910738e-13,3.7983850411894306e-14,1.27672607934076e-14,3.629922380876116e-15,4.477213345551087e-16,3.7983850411894306e-14,9.573909182099027e-14
clockmon_0_0_0_192.0_30.0_98.0,"[0, 0, 0, 192.0, 30.0, 98.0]",5.071041958184767e-14,2.965781444260631e-17,1.6862980586418536e-17,5.429793366810588e-16,1.276742277116339e-14,2.965781444260631e-17,4.235120281764696e-14,4.604420872708225e-17,3.321544205708129e-16,3.630176168942631e-15,1.6862980586418536e-17,4.604420872708225e-17,4.843534276457018e-14,7.607117311787147e-15,5.767214157062671e-16,5.429793366810588e-16,3.321544205708129e-16,7.607117311787147e-15,1.0042063849961223e-13,3.793384572601935e-14,1.276742277116339e-14,3.630176168942631e-15,5.767214157062671e-16,3.793384572601935e-14,9.566234212458006e-14
clockmon_0_0_0_192.0_64.0_132.0,"[0, 0, 0, 192.0, 64.0, 132.0]",5.070263826250942e-14,3.917433904892772e-17,1.988546476431492e-17,5.416316614358687e-16,1.276309457908919e-14,3.917433904892772e-17,4.5262283418215644e-14,7.021319562908222e-17,4.393014209583709e-16,5.634532677065829e-15,1.988546476431492e-17,7.021319562908222e-17,5.166062071179441e-14,9.476079225886037e-15,7.314817325928305e-16,5.416316614358687e-16,4.393014209583709e-16,9.476079225886037e-15,9.932591251874203e-14,3.78281391839001e-14,1.276309457908919e-14,5.634532677065829e-15,7.314817325928305e-16,3.78281391839001e-14,9.451909603872575e-14
clockmon_0_0_0_192.0_64.0_166.0,"[0, 0, 0, 192.0, 64.0, 166.0]",5.0987149069233823e-14,3.912415975655673e-17,2.313974645881272e-17,5.41105652372287e-16,1.277172878237894e-14,3.912415975655673e-17,4.550151392057935e-14,8.634072563955263e-17,4.349772101317367e-16,5.641876824771122e-15,2.313974645881272e-17,8.634072563955263e-17,5.519010705603857e-14,1.117544984116934e-14,9.429408790024406e-16,5.41105652372287e-16,4.349772101317367e-16,1.117544984116934e-14,9.839205106955677e-14,3.777254562992135e-14,1.277172878237894e-14,5.641876824771122e-15,9.429408790024406e-16,3.777254562992135e-14,9.442403633800296e-14
clockmon_0_0_0_192.0_64.0_200.0,"[0, 0, 0, 192.0, 64.0, 200.0]",5.0689367656180954e-14,3.911580403407276e-17,2.670126471701819e-17,5.395538067252835e-16,1.276220682700867e-14,3.911580403407276e-17,4.523681692347841e-14,1.084836901433717e-16,4.279860005556146e-16,5.630613261976536e-15,2.670126471701819e-17,1.084836901433717e-16,5.851035013482202e-14,1.254571787245208e-14,1.235520101239635e-15,5.395538067252835e-16,4.279860005556146e-16,1.254571787245208e-14,9.748183760901045e-14,3.767658926879658e-14,1.276220682700867e-14,5.630613261976536e-15,1.235520101239635e-15,3.767658926879658e-14,9.421261363262399e-14
clockmon_0_0_0_192.0_64.0_30.0,"[0, 0, 0, 192.0, 64.0, 30.0]",5.0709654990325724e-14,3.917294947302306e-17,1.11038576244341e-17,5.450551567082833e-16,1.276362466732303e-14,3.917294947302306e-17,4.529475955497636e-14,3.773477085367856e-17,4.51627796722961e-16,5.635767762276867e-15,1.11038576244341e-17,3.773477085367856e-17,4.2392237023491543e-14,3.640932642508821e-15,3.321848001410509e-16,5.450551567082833e-16,4.51627796722961e-16,3.640932642508821e-15,1.0247985545494837e-13,3.798388629576687e-14,1.276362466732303e-14,5.635767762276867e-15,3.321848001410509e-16,3.798388629576687e-14,9.47497528195021e-14
