key,coupler_widths,C11,C12,C13,C14,C21,C22,C23,C24,C31,C32,C33,C34,C41,C42,C43,C44
clockmon_[101.0__0__101.0__0__0__0],"[101.0, 0, 101.0, 0, 0, 0]",4.467677169145215e-14,1.1464823562986739e-17,7.876521308994439e-15,3.630212602017267e-16,1.1464823562986739e-17,5.005803798228831e-14,5.859187882928561e-16,7.114290307161868e-15,7.876521308994439e-15,5.859187882928561e-16,9.78778762345119e-14,3.707842752993491e-14,3.630212602017267e-16,7.114290307161868e-15,3.707842752993491e-14,9.815220739710799e-14
clockmon_[101.0__0__110.0__0__0__0],"[101.0, 0, 110.0, 0, 0, 0]",4.4912003944256583e-14,1.210023695513611e-17,7.883983663747653e-15,3.628855609559408e-16,1.210023695513611e-17,5.124034541620441e-14,6.257991045265884e-16,7.582138301867236e-15,7.883983663747653e-15,6.257991045265884e-16,9.792126195972909e-14,3.709038053831655e-14,3.628855609559408e-16,7.582138301867236e-15,3.709038053831655e-14,9.789327823914196e-14
clockmon_[101.0__0__119.0__0__0__0],"[101.0, 0, 119.0, 0, 0, 0]",4.4671382613466756e-14,1.254719817999243e-17,7.876027424447106e-15,3.626657984736425e-16,1.254719817999243e-17,5.198715570241715e-14,6.671725236636628e-16,8.021817592216326e-15,7.876027424447106e-15,6.671725236636628e-16,9.782035601905367e-14,3.704813445893877e-14,3.626657984736425e-16,8.021817592216326e-15,3.704813445893877e-14,9.758988854275977e-14
clockmon_[101.0__0__128.0__0__0__0],"[101.0, 0, 128.0, 0, 0, 0]",4.467103890899674e-14,1.3087434400747209e-17,7.876034697154614e-15,3.624460188219321e-16,1.3087434400747209e-17,5.296219004537743e-14,7.12111259760984e-16,8.464370832967537e-15,7.876034697154614e-15,7.12111259760984e-16,9.779222060757183e-14,3.703344064865285e-14,3.624460188219321e-16,8.464370832967537e-15,3.703344064865285e-14,9.732442627534008e-14
clockmon_[101.0__0__137.0__0__0__0],"[101.0, 0, 137.0, 0, 0, 0]",4.4911148321444376e-14,1.363401751112418e-17,7.883819742341398e-15,3.623486777057839e-16,1.363401751112418e-17,5.4148148298504386e-14,7.602197907858999e-16,8.906732352233751e-15,7.883819742341398e-15,7.602197907858999e-16,9.783567975136855e-14,3.704671332664376e-14,3.623486777057839e-16,8.906732352233751e-15,3.704671332664376e-14,9.709687026989992e-14
clockmon_[101.0__0__146.0__0__0__0],"[101.0, 0, 146.0, 0, 0, 0]",4.490100932020977e-14,1.413545323692423e-17,7.881465556242644e-15,3.620614192959076e-16,1.413545323692423e-17,5.51039619065629e-14,8.117238825883503e-16,9.324770398556322e-15,7.881465556242644e-15,8.117238825883503e-16,9.779551140589369e-14,3.702777734317123e-14,3.620614192959076e-16,9.324770398556322e-15,3.702777734317123e-14,9.683633452301133e-14
clockmon_[101.0__0__155.0__0__0__0],"[101.0, 0, 155.0, 0, 0, 0]",4.4917919897567095e-14,1.470042480685141e-17,7.882496656704957e-15,3.619430986290932e-16,1.470042480685141e-17,5.612901769815986e-14,8.676010957721618e-16,9.731184786693678e-15,7.882496656704957e-15,8.676010957721618e-16,9.776456609949076e-14,3.701385620678972e-14,3.619430986290932e-16,9.731184786693678e-15,3.701385620678972e-14,9.65863128200055e-14
clockmon_[101.0__0__164.0__0__0__0],"[101.0, 0, 164.0, 0, 0, 0]",4.49045983272424e-14,1.529188446699114e-17,7.881577835052692e-15,3.617404757265486e-16,1.529188446699114e-17,5.710783883176268e-14,9.27920785416698e-16,1.011987329701171e-14,7.881577835052692e-15,9.27920785416698e-16,9.772375114169039e-14,3.699266735880784e-14,3.617404757265486e-16,1.011987329701171e-14,3.699266735880784e-14,9.63388710047274e-14
clockmon_[101.0__0__173.0__0__0__0],"[101.0, 0, 173.0, 0, 0, 0]",4.490459008356993e-14,1.588817100217733e-17,7.8815781745075e-15,3.6157969980828383e-16,1.588817100217733e-17,5.812255222339385e-14,9.933322245551999e-16,1.049551710023737e-14,7.8815781745075e-15,9.933322245551999e-16,9.768254481010886e-14,3.697386494379924e-14,3.6157969980828383e-16,1.049551710023737e-14,3.697386494379924e-14,9.61028745813872e-14
clockmon_[101.0__0__182.0__0__0__0],"[101.0, 0, 182.0, 0, 0, 0]",4.4902944026891975e-14,1.649111687348786e-17,7.881506585638611e-15,3.614010650056254e-16,1.649111687348786e-17,5.913358130249089e-14,1.064317695384802e-15,1.083974759146456e-14,7.881506585638611e-15,1.064317695384802e-15,9.763660661086737e-14,3.695476920253602e-14,3.614010650056254e-16,1.083974759146456e-14,3.695476920253602e-14,9.58757961569481e-14
clockmon_[101.0__0__191.0__0__0__0],"[101.0, 0, 191.0, 0, 0, 0]",4.4909156386402337e-14,1.711243371377301e-17,7.881417260336273e-15,3.612643758161891e-16,1.711243371377301e-17,6.017569357121115e-14,1.1418052918750338e-15,1.116940335884381e-14,7.881417260336273e-15,1.1418052918750338e-15,9.758761200923863e-14,3.693529595737256e-14,3.612643758161891e-16,1.116940335884381e-14,3.693529595737256e-14,9.565975672936094e-14
clockmon_[101.0__0__20.0__0__0__0],"[101.0, 0, 20.0, 0, 0, 0]",4.4940846656252644e-14,6.89958163617113e-18,7.8841394316327e-15,3.645750054225851e-16,6.89958163617113e-18,4.22119652493139e-14,3.004252332608285e-16,2.78156297642374e-15,7.8841394316327e-15,3.004252332608285e-16,9.811851965263773e-14,3.721427035921074e-14,3.645750054225851e-16,2.78156297642374e-15,3.721427035921074e-14,1.0066691004596871e-13
clockmon_[101.0__0__200.0__0__0__0],"[101.0, 0, 200.0, 0, 0, 0]",4.475447840149114e-14,1.771788798006443e-17,7.878856536607397e-15,3.608567357934491e-16,1.771788798006443e-17,6.109195056229967e-14,1.225009630898113e-15,1.1474214385190341e-14,7.878856536607397e-15,1.225009630898113e-15,9.752456006128143e-14,3.691438202971133e-14,3.608567357934491e-16,1.1474214385190341e-14,3.691438202971133e-14,9.545189269291877e-14
clockmon_[101.0__0__29.0__0__0__0],"[101.0, 0, 29.0, 0, 0, 0]",4.4937864355044434e-14,7.3958654801707e-18,7.88397489134636e-15,3.642971532260077e-16,7.3958654801707e-18,4.2985072864676836e-14,3.2884933762840105e-16,3.282786909645158e-15,7.88397489134636e-15,3.2884933762840105e-16,9.810550161994908e-14,3.720053574923505e-14,3.642971532260077e-16,3.282786909645158e-15,3.720053574923505e-14,1.0039322452040859e-13
clockmon_[101.0__0__38.0__0__0__0],"[101.0, 0, 38.0, 0, 0, 0]",4.4934965939277993e-14,7.89202764114852e-18,7.883361454250656e-15,3.641058861542316e-16,7.89202764114852e-18,4.3807002215885085e-14,3.575527324477209e-16,3.770793956808914e-15,7.883361454250656e-15,3.575527324477209e-16,9.808767721515829e-14,3.718633735600234e-14,3.641058861542316e-16,3.770793956808914e-15,3.718633735600234e-14,1.0012046365157872e-13
clockmon_[101.0__0__47.0__0__0__0],"[101.0, 0, 47.0, 0, 0, 0]",4.493454638731554e-14,8.333156317052277e-18,7.883793636597572e-15,3.639337741248084e-16,8.333156317052277e-18,4.4677501985111627e-14,3.8732452160162856e-16,4.265289566302826e-15,7.883793636597572e-15,3.8732452160162856e-16,9.806226777096913e-14,3.717629175774708e-14,3.639337741248084e-16,4.265289566302826e-15,3.717629175774708e-14,9.983871269330288e-14
clockmon_[101.0__0__56.0__0__0__0],"[101.0, 0, 56.0, 0, 0, 0]",4.492766791366476e-14,8.830106703221248e-18,7.882986822113004e-15,3.637593259375698e-16,8.830106703221248e-18,4.556189115159789e-14,4.177308939033806e-16,4.751835226075664e-15,7.882986822113004e-15,4.177308939033806e-16,9.804148171041457e-14,3.716425173597914e-14,3.637593259375698e-16,4.751835226075664e-15,3.716425173597914e-14,9.955722587131683e-14
clockmon_[101.0__0__65.0__0__0__0],"[101.0, 0, 65.0, 0, 0, 0]",4.492715839872488e-14,9.384852789349905e-18,7.883070695370847e-15,3.636319443139377e-16,9.384852789349905e-18,4.6491586592423796e-14,4.485230767547699e-16,5.229820714246846e-15,7.883070695370847e-15,4.485230767547699e-16,9.802930734972162e-14,3.715266638715315e-14,3.636319443139377e-16,5.229820714246846e-15,3.715266638715315e-14,9.927887703249077e-14
clockmon_[101.0__0__74.0__0__0__0],"[101.0, 0, 74.0, 0, 0, 0]",4.4923081359901285e-14,9.912769492246357e-18,7.884306215761079e-15,3.635965291120264e-16,9.912769492246357e-18,4.744067658717207e-14,4.803263355617371e-16,5.708890811372638e-15,7.884306215761079e-15,4.803263355617371e-16,9.801380690074792e-14,3.714134359343535e-14,3.635965291120264e-16,5.708890811372638e-15,3.714134359343535e-14,9.900156639096986e-14
clockmon_[101.0__0__83.0__0__0__0],"[101.0, 0, 83.0, 0, 0, 0]",4.492087018275968e-14,1.042305876796584e-17,7.88434287195452e-15,3.6341407773851266e-16,1.042305876796584e-17,4.837917515833228e-14,5.137850732633904e-16,6.186606329538626e-15,7.88434287195452e-15,5.137850732633904e-16,9.79924991549625e-14,3.713038548258598e-14,3.6341407773851266e-16,6.186606329538626e-15,3.713038548258598e-14,9.872235896640608e-14
clockmon_[101.0__0__92.0__0__0__0],"[101.0, 0, 92.0, 0, 0, 0]",4.491577764098644e-14,1.096504663822853e-17,7.884425220906633e-15,3.632210873961775e-16,1.096504663822853e-17,4.93337809778985e-14,5.491934887150715e-16,6.655334653782422e-15,7.884425220906633e-15,5.491934887150715e-16,9.796949662115145e-14,3.711727875568464e-14,3.632210873961775e-16,6.655334653782422e-15,3.711727875568464e-14,9.844547913356536e-14
clockmon_[110.0__0__101.0__0__0__0],"[110.0, 0, 101.0, 0, 0, 0]",4.527568818301238e-14,1.201207133711257e-17,8.360221579128461e-15,3.80755835279779e-16,1.201207133711257e-17,5.0056064380898584e-14,5.8566470673588e-16,7.113994200580697e-15,8.360221579128461e-15,5.8566470673588e-16,9.76225393565115e-14,3.707017534028857e-14,3.80755835279779e-16,7.113994200580697e-15,3.707017534028857e-14,9.814393186119868e-14
clockmon_[110.0__0__110.0__0__0__0],"[110.0, 0, 110.0, 0, 0, 0]",4.5486844568759616e-14,1.268318374523895e-17,8.373275320594959e-15,3.806833837916249e-16,1.268318374523895e-17,5.12445757624864e-14,6.255997421627024e-16,7.582442842638418e-15,8.373275320594959e-15,6.255997421627024e-16,9.766903023428149e-14,3.708241528103425e-14,3.806833837916249e-16,7.582442842638418e-15,3.708241528103425e-14,9.7883429645364e-14
clockmon_[110.0__0__119.0__0__0__0],"[110.0, 0, 119.0, 0, 0, 0]",4.526588657000065e-14,1.31561183852987e-17,8.359297109824047e-15,3.803818771633268e-16,1.31561183852987e-17,5.1981131708634674e-14,6.66836941308532e-16,8.021472488113114e-15,8.359297109824047e-15,6.66836941308532e-16,9.756318841664217e-14,3.704062591085333e-14,3.803818771633268e-16,8.021472488113114e-15,3.704062591085333e-14,9.757884731837012e-14
clockmon_[110.0__0__128.0__0__0__0],"[110.0, 0, 128.0, 0, 0, 0]",4.5265447714461545e-14,1.372417645419278e-17,8.35928218931821e-15,3.802108041815402e-16,1.372417645419278e-17,5.295640065907651e-14,7.118082083517804e-16,8.463271817861735e-15,8.35928218931821e-15,7.118082083517804e-16,9.753487420856428e-14,3.702574677859404e-14,3.802108041815402e-16,8.463271817861735e-15,3.702574677859404e-14,9.731198678998559e-14
clockmon_[110.0__0__137.0__0__0__0],"[110.0, 0, 137.0, 0, 0, 0]",4.547825521981142e-14,1.428440657571296e-17,8.37298972661958e-15,3.801200000543555e-16,1.428440657571296e-17,5.414551108577602e-14,7.599399514362147e-16,8.90646818602085e-15,8.37298972661958e-15,7.599399514362147e-16,9.75822845972894e-14,3.703841147001252e-14,3.801200000543555e-16,8.90646818602085e-15,3.703841147001252e-14,9.708898437347447e-14
clockmon_[110.0__0__146.0__0__0__0],"[110.0, 0, 146.0, 0, 0, 0]",4.549756194074111e-14,1.482585027854093e-17,8.37250959396236e-15,3.800443640832833e-16,1.482585027854093e-17,5.512207427061708e-14,8.114899381567313e-16,9.325545430127703e-15,8.37250959396236e-15,8.114899381567313e-16,9.754340583169068e-14,3.702221214406104e-14,3.800443640832833e-16,9.325545430127703e-15,3.702221214406104e-14,9.682836109509178e-14
clockmon_[110.0__0__155.0__0__0__0],"[110.0, 0, 155.0, 0, 0, 0]",4.5497196473182237e-14,1.540414515157619e-17,8.372514350825538e-15,3.798616374019287e-16,1.540414515157619e-17,5.612804333098868e-14,8.672636270407746e-16,9.731040305781362e-15,8.372514350825538e-15,8.672636270407746e-16,9.750864409006913e-14,3.700522935667417e-14,3.798616374019287e-16,9.731040305781362e-15,3.700522935667417e-14,9.657876345548735e-14
clockmon_[110.0__0__164.0__0__0__0],"[110.0, 0, 164.0, 0, 0, 0]",4.539373093322666e-14,1.602766565704828e-17,8.370733190109477e-15,3.795153920335649e-16,1.602766565704828e-17,5.700991283784794e-14,9.275195745792896e-16,1.011888095376532e-14,8.370733190109477e-15,9.275195745792896e-16,9.746335343275911e-14,3.698365649096702e-14,3.795153920335649e-16,1.011888095376532e-14,3.698365649096702e-14,9.63276654686896e-14
clockmon_[110.0__0__173.0__0__0__0],"[110.0, 0, 173.0, 0, 0, 0]",4.54395534488184e-14,1.66627457647234e-17,8.371366290717608e-15,3.79425425438277e-16,1.66627457647234e-17,5.805813854365022e-14,9.927750377111939e-16,1.049412018022406e-14,8.371366290717608e-15,9.927750377111939e-16,9.742490430038988e-14,3.696463455674171e-14,3.79425425438277e-16,1.049412018022406e-14,3.696463455674171e-14,9.609267282630105e-14
clockmon_[110.0__0__182.0__0__0__0],"[110.0, 0, 182.0, 0, 0, 0]",4.548322750371987e-14,1.730080248537707e-17,8.371802917991567e-15,3.793265257760567e-16,1.730080248537707e-17,5.912873929744571e-14,1.063963547732412e-15,1.083966752997522e-14,8.371802917991567e-15,1.063963547732412e-15,9.738078771041362e-14,3.694648543521111e-14,3.793265257760567e-16,1.083966752997522e-14,3.694648543521111e-14,9.586563697953861e-14
clockmon_[110.0__0__191.0__0__0__0],"[110.0, 0, 191.0, 0, 0, 0]",4.5492400678407827e-14,1.7946604137597342e-17,8.372269065066544e-15,3.791992354569368e-16,1.7946604137597342e-17,6.017390108090327e-14,1.141427866369598e-15,1.116933011596022e-14,8.372269065066544e-15,1.141427866369598e-15,9.733302566779275e-14,3.6927252368986605e-14,3.791992354569368e-16,1.116933011596022e-14,3.6927252368986605e-14,9.565001617460314e-14
clockmon_[110.0__0__20.0__0__0__0],"[110.0, 0, 20.0, 0, 0, 0]",4.552182499466813e-14,7.228626756417262e-18,8.373758591429132e-15,3.826462676722691e-16,7.228626756417262e-18,4.2211177018676396e-14,3.0030879889405617e-16,2.781467706764759e-15,8.373758591429132e-15,3.0030879889405617e-16,9.786132696663407e-14,3.720576973227306e-14,3.826462676722691e-16,2.781467706764759e-15,3.720576973227306e-14,1.0065555406345812e-13
clockmon_[110.0__0__200.0__0__0__0],"[110.0, 0, 200.0, 0, 0, 0]",4.545081851974241e-14,1.858030618163752e-17,8.371102837835954e-15,3.78933547804209e-16,1.858030618163752e-17,6.115983245274662e-14,1.224911029570017e-15,1.14749924477267e-14,8.371102837835954e-15,1.224911029570017e-15,9.727359658655697e-14,3.690653847691776e-14,3.78933547804209e-16,1.14749924477267e-14,3.690653847691776e-14,9.544338362635233e-14
clockmon_[110.0__0__29.0__0__0__0],"[110.0, 0, 29.0, 0, 0, 0]",4.551341163332774e-14,7.752530570889219e-18,8.373449332325734e-15,3.82368496575426e-16,7.752530570889219e-18,4.2965150622014723e-14,3.287227275097092e-16,3.282331423278016e-15,8.373449332325734e-15,3.287227275097092e-16,9.784614022364491e-14,3.719144743690831e-14,3.82368496575426e-16,3.282331423278016e-15,3.719144743690831e-14,1.0038198472020713e-13
clockmon_[110.0__0__38.0__0__0__0],"[110.0, 0, 38.0, 0, 0, 0]",4.5506289691451855e-14,8.276194971466878e-18,8.373113122694122e-15,3.822052005203549e-16,8.276194971466878e-18,4.3784261990970206e-14,3.573837985196694e-16,3.770578171676142e-15,8.373113122694122e-15,3.573837985196694e-16,9.782768664225985e-14,3.717709792324528e-14,3.822052005203549e-16,3.770578171676142e-15,3.717709792324528e-14,1.0010820894819874e-13
clockmon_[110.0__0__47.0__0__0__0],"[110.0, 0, 47.0, 0, 0, 0]",4.55082942251539e-14,8.740561803657032e-18,8.373334703208255e-15,3.819748685895271e-16,8.740561803657032e-18,4.466337274508457e-14,3.871089845663592e-16,4.264264806717906e-15,8.373334703208255e-15,3.871089845663592e-16,9.780255659817057e-14,3.716744131990375e-14,3.819748685895271e-16,4.264264806717906e-15,3.716744131990375e-14,9.982641394397514e-14
clockmon_[110.0__0__56.0__0__0__0],"[110.0, 0, 56.0, 0, 0, 0]",4.549849097854974e-14,9.265105780341684e-18,8.372555684340294e-15,3.817710728200227e-16,9.265105780341684e-18,4.555165515131762e-14,4.174573653443377e-16,4.749875568098721e-15,8.372555684340294e-15,4.174573653443377e-16,9.778092449155816e-14,3.715409740602771e-14,3.817710728200227e-16,4.749875568098721e-15,3.715409740602771e-14,9.954397661146254e-14
clockmon_[110.0__0__65.0__0__0__0],"[110.0, 0, 65.0, 0, 0, 0]",4.549719058587273e-14,9.85518559034807e-18,8.372616660040239e-15,3.816213121975941e-16,9.85518559034807e-18,4.647822670954644e-14,4.48338963706493e-16,5.229623717364417e-15,8.372616660040239e-15,4.48338963706493e-16,9.776891104146142e-14,3.7141479678397854e-14,3.816213121975941e-16,5.229623717364417e-15,3.7141479678397854e-14,9.926531080164574e-14
clockmon_[110.0__0__74.0__0__0__0],"[110.0, 0, 74.0, 0, 0, 0]",4.547385785031921e-14,1.038508126303364e-17,8.372917872432888e-15,3.81454705104491e-16,1.038508126303364e-17,4.7413951802754777e-14,4.800391264112735e-16,5.708282689578724e-15,8.372917872432888e-15,4.800391264112735e-16,9.775417113656391e-14,3.713189307860502e-14,3.81454705104491e-16,5.708282689578724e-15,3.713189307860502e-14,9.899008977564966e-14
clockmon_[110.0__0__83.0__0__0__0],"[110.0, 0, 83.0, 0, 0, 0]",4.546705842041891e-14,1.092569224478654e-17,8.372214386315258e-15,3.812150442478001e-16,1.092569224478654e-17,4.835080016563234e-14,5.135405364354746e-16,6.185696729112302e-15,8.372214386315258e-15,5.135405364354746e-16,9.773222759696479e-14,3.712089387440847e-14,3.812150442478001e-16,6.185696729112302e-15,3.712089387440847e-14,9.870985358103502e-14
clockmon_[110.0__0__92.0__0__0__0],"[110.0, 0, 92.0, 0, 0, 0]",4.549381872399594e-14,1.149218865740272e-17,8.373408400014698e-15,3.810433181468726e-16,1.149218865740272e-17,4.93381410067243e-14,5.489957771629243e-16,6.655261253114477e-15,8.373408400014698e-15,5.489957771629243e-16,9.771766508953138e-14,3.71091636651633e-14,3.810433181468726e-16,6.655261253114477e-15,3.71091636651633e-14,9.843676861498115e-14
clockmon_[119.0__0__101.0__0__0__0],"[119.0, 0, 101.0, 0, 0, 0]",4.5855556658380527e-14,1.254520855812992e-17,8.842153645663839e-15,3.984182753783449e-16,1.254520855812992e-17,5.005707765179031e-14,5.854284347885163e-16,7.11425884300426e-15,8.842153645663839e-15,5.854284347885163e-16,9.737762181327854e-14,3.706276378454311e-14,3.984182753783449e-16,7.11425884300426e-15,3.706276378454311e-14,9.813544477203329e-14
clockmon_[119.0__0__110.0__0__0__0],"[119.0, 0, 110.0, 0, 0, 0]",4.609919303059312e-14,1.325839059845131e-17,8.853228485288225e-15,3.983441706539191e-16,1.325839059845131e-17,5.125029880614759e-14,6.254207935696746e-16,7.582479828607826e-15,8.853228485288225e-15,6.254207935696746e-16,9.742106368075459e-14,3.70750832178898e-14,3.983441706539191e-16,7.582479828607826e-15,3.70750832178898e-14,9.787409989597877e-14
clockmon_[119.0__0__119.0__0__0__0],"[119.0, 0, 119.0, 0, 0, 0]",4.5846892783364097e-14,1.374723300592756e-17,8.840260009788731e-15,3.98033497079945e-16,1.374723300592756e-17,5.198398630274592e-14,6.666054341010223e-16,8.021492352461878e-15,8.840260009788731e-15,6.666054341010223e-16,9.731528125544773e-14,3.703305434444679e-14,3.98033497079945e-16,8.021492352461878e-15,3.703305434444679e-14,9.756960773815109e-14
clockmon_[119.0__0__128.0__0__0__0],"[119.0, 0, 128.0, 0, 0, 0]",4.584522826204899e-14,1.433981345098246e-17,8.839903648520476e-15,3.97825414204379e-16,1.433981345098246e-17,5.295783724512892e-14,7.11534084473173e-16,8.463186664697938e-15,8.839903648520476e-15,7.11534084473173e-16,9.72869092647899e-14,3.701796086908304e-14,3.97825414204379e-16,8.463186664697938e-15,3.701796086908304e-14,9.730262016114254e-14
clockmon_[119.0__0__137.0__0__0__0],"[119.0, 0, 137.0, 0, 0, 0]",4.608893864993216e-14,1.493154214977067e-17,8.852847312464777e-15,3.97790645672556e-16,1.493154214977067e-17,5.4144022755192144e-14,7.596670377866453e-16,8.906457455409392e-15,8.852847312464777e-15,7.596670377866453e-16,9.733230418992306e-14,3.70306922367914e-14,3.97790645672556e-16,8.906457455409392e-15,3.70306922367914e-14,9.707893273250745e-14
clockmon_[119.0__0__146.0__0__0__0],"[119.0, 0, 146.0, 0, 0, 0]",4.608639732136251e-14,1.549751574289787e-17,8.85216381817266e-15,3.976265921713456e-16,1.549751574289787e-17,5.51231022532547e-14,8.112368474108174e-16,9.326178558226805e-15,8.85216381817266e-15,8.112368474108174e-16,9.729548692539881e-14,3.701455487651591e-14,3.976265921713456e-16,9.326178558226805e-15,3.701455487651591e-14,9.681845916087795e-14
clockmon_[119.0__0__155.0__0__0__0],"[119.0, 0, 155.0, 0, 0, 0]",4.60865438359302e-14,1.610519520817631e-17,8.852183128822715e-15,3.974445035607264e-16,1.610519520817631e-17,5.6127303378486686e-14,8.669985287010123e-16,9.731081607343845e-15,8.852183128822715e-15,8.669985287010123e-16,9.725946270714659e-14,3.69978790871996e-14,3.974445035607264e-16,9.731081607343845e-15,3.69978790871996e-14,9.656917904180546e-14
clockmon_[119.0__0__164.0__0__0__0],"[119.0, 0, 164.0, 0, 0, 0]",4.59835550511886e-14,1.675945278995781e-17,8.8502702260799e-15,3.970844045418274e-16,1.675945278995781e-17,5.701294906093118e-14,9.271884826006226e-16,1.011909526363032e-14,8.8502702260799e-15,9.271884826006226e-16,9.721498331529767e-14,3.697584776207919e-14,3.970844045418274e-16,1.011909526363032e-14,3.697584776207919e-14,9.631852727575467e-14
clockmon_[119.0__0__173.0__0__0__0],"[119.0, 0, 173.0, 0, 0, 0]",4.6035684012739706e-14,1.742611754777443e-17,8.850739577704009e-15,3.969896578726542e-16,1.742611754777443e-17,5.808442961164987e-14,9.925397351608616e-16,1.0494718625662198e-14,8.850739577704009e-15,9.925397351608616e-16,9.717619366788041e-14,3.695710045269713e-14,3.969896578726542e-16,1.0494718625662198e-14,3.695710045269713e-14,9.608277499159731e-14
clockmon_[119.0__0__182.0__0__0__0],"[119.0, 0, 182.0, 0, 0, 0]",4.607918099508598e-14,1.808767484233979e-17,8.852127318068566e-15,3.969131454281021e-16,1.808767484233979e-17,5.914247522229538e-14,1.063677886480441e-15,1.083971436761668e-14,8.852127318068566e-15,1.063677886480441e-15,9.713395261936209e-14,3.69392702883815e-14,3.969131454281021e-16,1.083971436761668e-14,3.69392702883815e-14,9.58571558111225e-14
clockmon_[119.0__0__191.0__0__0__0],"[119.0, 0, 191.0, 0, 0, 0]",4.60792872775449e-14,1.876264457216539e-17,8.852121478102751e-15,3.967430638956623e-16,1.876264457216539e-17,6.017484337474326e-14,1.141095731730421e-15,1.116932198683077e-14,8.852121478102751e-15,1.141095731730421e-15,9.708459430489812e-14,3.69198453958632e-14,3.967430638956623e-16,1.116932198683077e-14,3.69198453958632e-14,9.564045075841637e-14
clockmon_[119.0__0__20.0__0__0__0],"[119.0, 0, 20.0, 0, 0, 0]",4.6111024094427904e-14,7.551772180843039e-18,8.85384733510789e-15,4.003668919773637e-16,7.551772180843039e-18,4.221036525099459e-14,3.001779856161874e-16,2.781493801761595e-15,8.85384733510789e-15,3.001779856161874e-16,9.761173337022264e-14,3.719808225717567e-14,4.003668919773637e-16,2.781493801761595e-15,3.719808225717567e-14,1.0064566516881667e-13
clockmon_[119.0__0__200.0__0__0__0],"[119.0, 0, 200.0, 0, 0, 0]",4.6024526564591626e-14,1.942033921482626e-17,8.850295718262359e-15,3.96420848425504e-16,1.942033921482626e-17,6.112835659744268e-14,1.224453604874701e-15,1.147463591742237e-14,8.850295718262359e-15,1.224453604874701e-15,9.702492872688468e-14,3.690003877282025e-14,3.96420848425504e-16,1.147463591742237e-14,3.690003877282025e-14,9.543346069067159e-14
clockmon_[119.0__0__29.0__0__0__0],"[119.0, 0, 29.0, 0, 0, 0]",4.609989055084997e-14,8.101099414563868e-18,8.85314741055457e-15,4.000610469807899e-16,8.101099414563868e-18,4.2964107677778637e-14,3.285803153214782e-16,3.282311122182324e-15,8.85314741055457e-15,3.285803153214782e-16,9.759585376577861e-14,3.718360035510014e-14,4.000610469807899e-16,3.282311122182324e-15,3.718360035510014e-14,1.0037133632065905e-13
clockmon_[119.0__0__38.0__0__0__0],"[119.0, 0, 38.0, 0, 0, 0]",4.609382676314623e-14,8.649539416267036e-18,8.85283848347599e-15,3.998878651623834e-16,8.649539416267036e-18,4.378369866493075e-14,3.572282647998516e-16,3.770571506425727e-15,8.85283848347599e-15,3.572282647998516e-16,9.757825791700475e-14,3.716925862932111e-14,3.998878651623834e-16,3.770571506425727e-15,3.716925862932111e-14,1.000986920857165e-13
clockmon_[119.0__0__47.0__0__0__0],"[119.0, 0, 47.0, 0, 0, 0]",4.6095928021981895e-14,9.129698537735756e-18,8.852866822960639e-15,3.9963492432498464e-16,9.129698537735756e-18,4.466316772683552e-14,3.869383535133221e-16,4.264260140219724e-15,8.852866822960639e-15,3.869383535133221e-16,9.755336314109731e-14,3.7159668627519835e-14,3.9963492432498464e-16,4.264260140219724e-15,3.7159668627519835e-14,9.981680747062819e-14
clockmon_[119.0__0__56.0__0__0__0],"[119.0, 0, 56.0, 0, 0, 0]",4.6087602361139246e-14,9.674926017447159e-18,8.852406113781091e-15,3.994322850185581e-16,9.674926017447159e-18,4.555142025011855e-14,4.172826910435671e-16,4.74989272994659e-15,8.852406113781091e-15,4.172826910435671e-16,9.753188241994003e-14,3.714628267806032e-14,3.994322850185581e-16,4.74989272994659e-15,3.714628267806032e-14,9.953460853360553e-14
clockmon_[119.0__0__65.0__0__0__0],"[119.0, 0, 65.0, 0, 0, 0]",4.608102415004515e-14,1.030115803780727e-17,8.852310620283339e-15,3.993046916760528e-16,1.030115803780727e-17,4.647281145839852e-14,4.481427507381791e-16,5.229622399751334e-15,8.852310620283339e-15,4.481427507381791e-16,9.751859159172177e-14,3.713375060652333e-14,3.993046916760528e-16,5.229622399751334e-15,3.713375060652333e-14,9.925513710944439e-14
clockmon_[119.0__0__74.0__0__0__0],"[119.0, 0, 74.0, 0, 0, 0]",4.6088434436625676e-14,1.085391472061514e-17,8.852786650532213e-15,3.991585492193147e-16,1.085391472061514e-17,4.7417115977079006e-14,4.799224559969861e-16,5.708737389871922e-15,8.852786650532213e-15,4.799224559969861e-16,9.750573571874336e-14,3.712466761025643e-14,3.991585492193147e-16,5.708737389871922e-15,3.712466761025643e-14,9.898068050980892e-14
clockmon_[119.0__0__83.0__0__0__0],"[119.0, 0, 83.0, 0, 0, 0]",4.585309403410779e-14,1.121737347741695e-17,8.837588444080915e-15,3.971922621839499e-16,1.121737347741695e-17,4.821810868559666e-14,5.129911993351398e-16,6.179868248550609e-15,8.837588444080915e-15,5.129911993351398e-16,9.734172247940965e-14,3.706441129658039e-14,3.971922621839499e-16,6.179868248550609e-15,3.706441129658039e-14,9.858424065569044e-14
clockmon_[119.0__0__92.0__0__0__0],"[119.0, 0, 92.0, 0, 0, 0]",4.6102082253721167e-14,1.201099658505115e-17,8.853157259882016e-15,3.987435778811987e-16,1.201099658505115e-17,4.9338973613425936e-14,5.487816888637571e-16,6.655222609575093e-15,8.853157259882016e-15,5.487816888637571e-16,9.746877190891315e-14,3.710201108563837e-14,3.987435778811987e-16,6.655222609575093e-15,3.710201108563837e-14,9.842724382746727e-14
clockmon_[128.0__0__101.0__0__0__0],"[128.0, 0, 101.0, 0, 0, 0]",4.644841275943391e-14,1.309809982503782e-17,9.328094111288652e-15,4.162040748745691e-16,1.309809982503782e-17,5.005589626880382e-14,5.85205951716744e-16,7.113943426158097e-15,9.328094111288652e-15,5.85205951716744e-16,9.712088904137707e-14,3.705426804633853e-14,4.162040748745691e-16,7.113943426158097e-15,3.705426804633853e-14,9.812240654122171e-14
clockmon_[128.0__0__110.0__0__0__0],"[128.0, 0, 110.0, 0, 0, 0]",4.669101857292728e-14,1.384867808015941e-17,9.33635125628368e-15,4.160651156561755e-16,1.384867808015941e-17,5.1244274844609294e-14,6.251291697664188e-16,7.5824300016319e-15,9.33635125628368e-15,6.251291697664188e-16,9.716562222010274e-14,3.706682397263506e-14,4.160651156561755e-16,7.5824300016319e-15,3.706682397263506e-14,9.786445549490075e-14
clockmon_[128.0__0__119.0__0__0__0],"[128.0, 0, 119.0, 0, 0, 0]",4.643572848367774e-14,1.434501248378253e-17,9.326086473615702e-15,4.156598007964685e-16,1.434501248378253e-17,5.198336340148624e-14,6.663877399244877e-16,8.02170306238104e-15,9.326086473615702e-15,6.663877399244877e-16,9.706283848178954e-14,3.702390283250965e-14,4.156598007964685e-16,8.02170306238104e-15,3.702390283250965e-14,9.755971408803053e-14
clockmon_[128.0__0__128.0__0__0__0],"[128.0, 0, 128.0, 0, 0, 0]",4.643626899350772e-14,1.496215959638174e-17,9.326039031318289e-15,4.154567631373288e-16,1.496215959638174e-17,5.295978550790912e-14,7.112881856420789e-16,8.463175620536442e-15,9.326039031318289e-15,7.112881856420789e-16,9.703518206613169e-14,3.701018338288715e-14,4.154567631373288e-16,8.463175620536442e-15,3.701018338288715e-14,9.729373761734069e-14
clockmon_[128.0__0__137.0__0__0__0],"[128.0, 0, 137.0, 0, 0, 0]",4.668768479268208e-14,1.559235320569144e-17,9.336033057455866e-15,4.154918584767814e-16,1.559235320569144e-17,5.41475446015912e-14,7.593952391781045e-16,8.906693902132568e-15,9.336033057455866e-15,7.593952391781045e-16,9.707953330990113e-14,3.702308587269908e-14,4.154918584767814e-16,8.906693902132568e-15,3.702308587269908e-14,9.706826642985445e-14
clockmon_[128.0__0__146.0__0__0__0],"[128.0, 0, 146.0, 0, 0, 0]",4.666200437588365e-14,1.61734991690146e-17,9.33482842845535e-15,4.153174773108392e-16,1.61734991690146e-17,5.511154167601557e-14,8.108488128521986e-16,9.32487504898754e-15,9.33482842845535e-15,8.108488128521986e-16,9.70373446670743e-14,3.700451989889047e-14,4.153174773108392e-16,9.32487504898754e-15,3.700451989889047e-14,9.680869246577594e-14
clockmon_[128.0__0__155.0__0__0__0],"[128.0, 0, 155.0, 0, 0, 0]",4.666753801011593e-14,1.681961717827747e-17,9.335081338392183e-15,4.151686400337866e-16,1.681961717827747e-17,5.6124392138803796e-14,8.666789174455363e-16,9.730937170456408e-15,9.335081338392183e-15,8.666789174455363e-16,9.700556250851013e-14,3.698983905418884e-14,4.151686400337866e-16,9.730937170456408e-15,3.698983905418884e-14,9.655672056741016e-14
clockmon_[128.0__0__164.0__0__0__0],"[128.0, 0, 164.0, 0, 0, 0]",4.663489447959118e-14,1.751793674309103e-17,9.33457877756061e-15,4.149026940784711e-16,1.751793674309103e-17,5.707920570751631e-14,9.270158941732862e-16,1.011968624260149e-14,9.33457877756061e-15,9.270158941732862e-16,9.69629812611655e-14,3.696814617698311e-14,4.149026940784711e-16,1.011968624260149e-14,3.696814617698311e-14,9.630892468401174e-14
clockmon_[128.0__0__173.0__0__0__0],"[128.0, 0, 173.0, 0, 0, 0]",4.665726822793949e-14,1.819943480404676e-17,9.334795214559194e-15,4.147648319251842e-16,1.819943480404676e-17,5.811099804816404e-14,9.92380816736464e-16,1.049535321785156e-14,9.334795214559194e-15,9.92380816736464e-16,9.692391878339734e-14,3.694995681147531e-14,4.147648319251842e-16,1.049535321785156e-14,3.694995681147531e-14,9.607336638248734e-14
clockmon_[128.0__0__182.0__0__0__0],"[128.0, 0, 182.0, 0, 0, 0]",4.666260338689914e-14,1.8892694939382534e-17,9.334884048074134e-15,4.1461754367364297e-16,1.8892694939382534e-17,5.914069223410235e-14,1.063370776061502e-15,1.083970730485495e-14,9.334884048074134e-15,1.063370776061502e-15,9.687978980246729e-14,3.693148479710946e-14,4.1461754367364297e-16,1.083970730485495e-14,3.693148479710946e-14,9.584749168512253e-14
clockmon_[128.0__0__191.0__0__0__0],"[128.0, 0, 191.0, 0, 0, 0]",4.665946463677931e-14,1.959882309645139e-17,9.334797190315922e-15,4.144362037382123e-16,1.959882309645139e-17,6.016203403779739e-14,1.140756092282075e-15,1.116938228098848e-14,9.334797190315922e-15,1.140756092282075e-15,9.682888700645259e-14,3.691199105521751e-14,4.144362037382123e-16,1.116938228098848e-14,3.691199105521751e-14,9.563023690557029e-14
clockmon_[128.0__0__20.0__0__0__0],"[128.0, 0, 20.0, 0, 0, 0]",4.669903886652211e-14,7.878489945490151e-18,9.336690617404478e-15,4.1818310697142883e-16,7.878489945490151e-18,4.221154334748627e-14,3.000385294291605e-16,2.781451406203243e-15,9.336690617404478e-15,3.000385294291605e-16,9.735947520716e-14,3.719047932269715e-14,4.1818310697142883e-16,2.781451406203243e-15,3.719047932269715e-14,1.0063718630491476e-13
clockmon_[128.0__0__200.0__0__0__0],"[128.0, 0, 200.0, 0, 0, 0]",4.6543037260128454e-14,2.026997172356031e-17,9.333004166349226e-15,4.139855011790515e-16,2.026997172356031e-17,6.110864952298963e-14,1.224032465588831e-15,1.147432031090958e-14,9.333004166349226e-15,1.224032465588831e-15,9.67697242827674e-14,3.689010053726794e-14,4.139855011790515e-16,1.147432031090958e-14,3.689010053726794e-14,9.542410471866754e-14
clockmon_[128.0__0__29.0__0__0__0],"[128.0, 0, 29.0, 0, 0, 0]",4.668988953343385e-14,8.453398092614528e-18,9.336495325186544e-15,4.178988971127997e-16,8.453398092614528e-18,4.297681182360219e-14,3.284241706678117e-16,3.282471265555653e-15,9.336495325186544e-15,3.284241706678117e-16,9.734486857119492e-14,3.717619426435432e-14,4.178988971127997e-16,3.282471265555653e-15,3.717619426435432e-14,1.003629025212834e-13
clockmon_[128.0__0__38.0__0__0__0],"[128.0, 0, 38.0, 0, 0, 0]",4.6679391909067037e-14,9.031516009825323e-18,9.335757835024829e-15,4.177289592722473e-16,9.031516009825323e-18,4.3785145427877466e-14,3.570839515498766e-16,3.770551957122795e-15,9.335757835024829e-15,3.570839515498766e-16,9.732544069852014e-14,3.716169694398356e-14,4.177289592722473e-16,3.770551957122795e-15,3.716169694398356e-14,1.0008905835714791e-13
clockmon_[128.0__0__47.0__0__0__0],"[128.0, 0, 47.0, 0, 0, 0]",4.668137488870455e-14,9.52423494036483e-18,9.335715079253251e-15,4.174450343683173e-16,9.52423494036483e-18,4.4663794854293397e-14,3.86788302352333e-16,4.26459175897075e-15,9.335715079253251e-15,3.86788302352333e-16,9.730009446628326e-14,3.715204128477647e-14,4.174450343683173e-16,4.26459175897075e-15,3.715204128477647e-14,9.980811022688958e-14
clockmon_[128.0__0__56.0__0__0__0],"[128.0, 0, 56.0, 0, 0, 0]",4.66766435133556e-14,1.011465454315379e-17,9.335532380999762e-15,4.172867216507227e-16,1.011465454315379e-17,4.555696053153735e-14,4.171183323251625e-16,4.750117165213372e-15,9.335532380999762e-15,4.171183323251625e-16,9.728024994738647e-14,3.71398289152922e-14,4.172867216507227e-16,4.750117165213372e-15,3.71398289152922e-14,9.95266594001975e-14
clockmon_[128.0__0__65.0__0__0__0],"[128.0, 0, 65.0, 0, 0, 0]",4.667688533866051e-14,1.074283094017142e-17,9.335585492951415e-15,4.171702700212694e-16,1.074283094017142e-17,4.648579801290724e-14,4.479484312391879e-16,5.229629653643908e-15,9.335585492951415e-15,4.479484312391879e-16,9.726823586012038e-14,3.712830518066305e-14,4.171702700212694e-16,5.229629653643908e-15,3.712830518066305e-14,9.924797977709097e-14
clockmon_[128.0__0__74.0__0__0__0],"[128.0, 0, 74.0, 0, 0, 0]",4.669094978203075e-14,1.133113396708619e-17,9.336177128092244e-15,4.1692884334534163e-16,1.133113396708619e-17,4.7426345122997894e-14,4.797086024225012e-16,5.708751195804433e-15,9.336177128092244e-15,4.797086024225012e-16,9.725439082789578e-14,3.711719594708319e-14,4.1692884334534163e-16,5.708751195804433e-15,3.711719594708319e-14,9.897230135325274e-14
clockmon_[128.0__0__83.0__0__0__0],"[128.0, 0, 83.0, 0, 0, 0]",4.644361283416074e-14,1.170660494610147e-17,9.323259231600804e-15,4.149167918453024e-16,1.170660494610147e-17,4.8218540843874695e-14,5.127691594778212e-16,6.179858740142137e-15,9.323259231600804e-15,5.127691594778212e-16,9.708941838696289e-14,3.705644367716117e-14,4.149167918453024e-16,6.179858740142137e-15,3.705644367716117e-14,9.857480301276498e-14
clockmon_[128.0__0__92.0__0__0__0],"[128.0, 0, 92.0, 0, 0, 0]",4.669354298620771e-14,1.253990449703624e-17,9.336246803015031e-15,4.164504335651576e-16,1.253990449703624e-17,4.9334192852404704e-14,5.485478147056121e-16,6.655248252488995e-15,9.336246803015031e-15,5.485478147056121e-16,9.72135518272536e-14,3.709324039361716e-14,4.164504335651576e-16,6.655248252488995e-15,3.709324039361716e-14,9.84160388753518e-14
clockmon_[137.0__0__101.0__0__0__0],"[137.0, 0, 101.0, 0, 0, 0]",4.7049084222302265e-14,1.364173143688064e-17,9.810969918178252e-15,4.338301398316376e-16,1.364173143688064e-17,5.0057253214028224e-14,5.849561470888516e-16,7.114358208351951e-15,9.810969918178252e-15,5.849561470888516e-16,9.687473032043665e-14,3.704795287020216e-14,4.338301398316376e-16,7.114358208351951e-15,3.704795287020216e-14,9.811762434497686e-14
clockmon_[137.0__0__110.0__0__0__0],"[137.0, 0, 110.0, 0, 0, 0]",4.7292475552081965e-14,1.442753288117363e-17,9.819853753578906e-15,4.337408140870235e-16,1.442753288117363e-17,5.1244152472018496e-14,6.248902173383641e-16,7.582407571574561e-15,9.819853753578906e-15,6.248902173383641e-16,9.691324835584186e-14,3.705941018368845e-14,4.337408140870235e-16,7.582407571574561e-15,3.705941018368845e-14,9.785481666257746e-14
clockmon_[137.0__0__119.0__0__0__0],"[137.0, 0, 119.0, 0, 0, 0]",4.703558204184395e-14,1.495317213179474e-17,9.809819976524237e-15,4.334454473705807e-16,1.495317213179474e-17,5.197967581075295e-14,6.661259351226962e-16,8.02144833465773e-15,9.809819976524237e-15,6.661259351226962e-16,9.680881822775736e-14,3.701708745882092e-14,4.334454473705807e-16,8.02144833465773e-15,3.701708745882092e-14,9.755010469251638e-14
clockmon_[137.0__0__128.0__0__0__0],"[137.0, 0, 128.0, 0, 0, 0]",4.703511140651337e-14,1.559682070898428e-17,9.810002199099895e-15,4.331989591948589e-16,1.559682070898428e-17,5.295560590134631e-14,7.110221636389417e-16,8.463236088478908e-15,9.810002199099895e-15,7.110221636389417e-16,9.678084124366165e-14,3.700222513243373e-14,4.331989591948589e-16,8.463236088478908e-15,3.700222513243373e-14,9.72836848660859e-14
clockmon_[137.0__0__137.0__0__0__0],"[137.0, 0, 137.0, 0, 0, 0]",4.72889477612198e-14,1.626262987661496e-17,9.819495506150269e-15,4.3312867327932455e-16,1.626262987661496e-17,5.414879142879303e-14,7.591469549696469e-16,8.906609739586174e-15,9.819495506150269e-15,7.591469549696469e-16,9.682708812640439e-14,3.701558862500878e-14,4.3312867327932455e-16,8.906609739586174e-15,3.701558862500878e-14,9.706051718516752e-14
clockmon_[137.0__0__146.0__0__0__0],"[137.0, 0, 146.0, 0, 0, 0]",4.7283110190418884e-14,1.6850219527534005e-17,9.819368850477607e-15,4.329847840818153e-16,1.6850219527534005e-17,5.5133914298399426e-14,8.107092478230562e-16,9.326891631382626e-15,9.819368850477607e-15,8.107092478230562e-16,9.679218630194924e-14,3.700094576531749e-14,4.329847840818153e-16,9.326891631382626e-15,3.700094576531749e-14,9.680187007092817e-14
clockmon_[137.0__0__155.0__0__0__0],"[137.0, 0, 155.0, 0, 0, 0]",4.7276034253365275e-14,1.752354149955252e-17,9.818779519055157e-15,4.32835144707404e-16,1.752354149955252e-17,5.6137192726547244e-14,8.664367922820122e-16,9.731212175946778e-15,9.818779519055157e-15,8.664367922820122e-16,9.675451536918379e-14,3.698291327008132e-14,4.32835144707404e-16,9.731212175946778e-15,3.698291327008132e-14,9.655039472086031e-14
clockmon_[137.0__0__164.0__0__0__0],"[137.0, 0, 164.0, 0, 0, 0]",4.7254329179625544e-14,1.825893839408694e-17,9.817543640517262e-15,4.325745996177868e-16,1.825893839408694e-17,5.709535160592657e-14,9.266996092674487e-16,1.011973815249286e-14,9.817543640517262e-15,9.266996092674487e-16,9.671172052185266e-14,3.696090262189795e-14,4.325745996177868e-16,1.011973815249286e-14,3.696090262189795e-14,9.62992133700666e-14
clockmon_[137.0__0__173.0__0__0__0],"[137.0, 0, 173.0, 0, 0, 0]",4.725558049242465e-14,1.897132425625594e-17,9.818246538865324e-15,4.324214155639681e-16,1.897132425625594e-17,5.810802652867625e-14,9.920429815902145e-16,1.049530668564978e-14,9.818246538865324e-15,9.920429815902145e-16,9.66704551343813e-14,3.694201098149653e-14,4.324214155639681e-16,1.049530668564978e-14,3.694201098149653e-14,9.606368205803082e-14
clockmon_[137.0__0__182.0__0__0__0],"[137.0, 0, 182.0, 0, 0, 0]",4.7269956687056555e-14,1.967455819968796e-17,9.818419662690423e-15,4.322312951484313e-16,1.967455819968796e-17,5.915218453648204e-14,1.063182535194884e-15,1.08402183989126e-14,9.818419662690423e-15,1.063182535194884e-15,9.662946270316944e-14,3.692556842121545e-14,4.322312951484313e-16,1.08402183989126e-14,3.692556842121545e-14,9.583843177423962e-14
clockmon_[137.0__0__191.0__0__0__0],"[137.0, 0, 191.0, 0, 0, 0]",4.72707779815236e-14,2.041433908301667e-17,9.81851702423187e-15,4.320651467174752e-16,2.041433908301667e-17,6.018008036658355e-14,1.1404021594332351e-15,1.116971137350956e-14,9.81851702423187e-15,1.1404021594332351e-15,9.657948959617221e-14,3.690667708559139e-14,4.320651467174752e-16,1.116971137350956e-14,3.690667708559139e-14,9.562247418663659e-14
