key,coupler_widths,C11,C12,C13,C14,C21,C22,C23,C24,C31,C32,C33,C34,C41,C42,C43,C44
clockmon_sensing_104.0_0_0_104.0_0_0,"[104.0, 0, 0, 104.0, 0, 0]",4.483186893339956e-14,8.073407369943631e-18,8.161029429078594e-15,3.171196455600963e-16,8.073407369943631e-18,4.4825007910503193e-14,3.174866569346225e-16,8.161749155764324e-15,8.161029429078594e-15,3.174866569346225e-16,1.127868588078364e-13,4.025038744004551e-14,3.171196455600963e-16,8.161749155764324e-15,4.025038744004551e-14,1.1278840440303766e-13
clockmon_sensing_104.0_0_0_132.0_0_0,"[104.0, 0, 0, 132.0, 0, 0]",4.483199745172752e-14,9.199773112680323e-18,8.161421769345812e-15,3.168323691909344e-16,9.199773112680323e-18,4.664879551643006e-14,3.637721109411205e-16,9.682670728192724e-15,8.161421769345812e-15,3.637721109411205e-16,1.1276369363875375e-13,4.023020612657802e-14,3.168323691909344e-16,9.682670728192724e-15,4.023020612657802e-14,1.1201566777950581e-13
clockmon_sensing_104.0_0_0_160.0_0_0,"[104.0, 0, 0, 160.0, 0, 0]",4.483103184994592e-14,1.032409895945206e-17,8.160742998189804e-15,3.16035880069975e-16,1.032409895945206e-17,4.851472711587765e-14,4.097551877440378e-16,1.120548815892542e-14,8.160742998189804e-15,4.097551877440378e-16,1.127350829038094e-13,4.021113288155167e-14,3.16035880069975e-16,1.120548815892542e-14,4.021113288155167e-14,1.1121819821151054e-13
clockmon_sensing_104.0_0_0_188.0_0_0,"[104.0, 0, 0, 188.0, 0, 0]",4.482953854532067e-14,1.143776736387972e-17,8.160734038648511e-15,3.154813914040634e-16,1.143776736387972e-17,5.0385480137605085e-14,4.556482041685131e-16,1.272306695483376e-14,8.160734038648511e-15,4.556482041685131e-16,1.127098942181571e-13,4.019083976943965e-14,3.154813914040634e-16,1.272306695483376e-14,4.019083976943965e-14,1.1042056091404881e-13
clockmon_sensing_104.0_0_0_20.0_0_0,"[104.0, 0, 0, 20.0, 0, 0]",4.483471998171825e-14,4.698412672243877e-18,8.161249142020865e-15,3.187915745828936e-16,4.698412672243877e-18,3.977511731758047e-14,1.807472060231563e-16,3.611132044662125e-15,8.161249142020865e-15,1.807472060231563e-16,1.1286201278363698e-13,4.03161094312208e-14,3.187915745828936e-16,3.611132044662125e-15,4.03161094312208e-14,1.150624929147783e-13
clockmon_sensing_104.0_0_0_216.0_0_0,"[104.0, 0, 0, 216.0, 0, 0]",4.4828549972386567e-14,1.2587617162372468e-17,8.1608234203631e-15,3.152184646421386e-16,1.2587617162372468e-17,5.2295307951486406e-14,5.014873208591023e-16,1.423337711250281e-14,8.1608234203631e-15,5.014873208591023e-16,1.1268641847107412e-13,4.016950505996119e-14,3.152184646421386e-16,1.423337711250281e-14,4.016950505996119e-14,1.0962234493948287e-13
clockmon_sensing_104.0_0_0_244.0_0_0,"[104.0, 0, 0, 244.0, 0, 0]",4.4818339949801083e-14,1.370584392192762e-17,8.160352694879904e-15,3.148138261696426e-16,1.370584392192762e-17,5.4181424048625025e-14,5.466462989731329e-16,1.572601534609645e-14,8.160352694879904e-15,5.466462989731329e-16,1.1265080530043416e-13,4.01484240772193e-14,3.148138261696426e-16,1.572601534609645e-14,4.01484240772193e-14,1.0881588345961452e-13
clockmon_sensing_104.0_0_0_272.0_0_0,"[104.0, 0, 0, 272.0, 0, 0]",4.481482452187217e-14,1.480765604863533e-17,8.1596375438128e-15,3.142523785774969e-16,1.480765604863533e-17,5.6114746068340993e-14,5.911890103231514e-16,1.721438974920282e-14,8.1596375438128e-15,5.911890103231514e-16,1.126126610309648e-13,4.0127151683218846e-14,3.142523785774969e-16,1.721438974920282e-14,4.0127151683218846e-14,1.0801745281468802e-13
clockmon_sensing_104.0_0_0_300.0_0_0,"[104.0, 0, 0, 300.0, 0, 0]",4.481419229865112e-14,1.59047836682067e-17,8.159635293929966e-15,3.137879989037593e-16,1.59047836682067e-17,5.807498798020305e-14,6.352073330764065e-16,1.869125760847511e-14,8.159635293929966e-15,6.352073330764065e-16,1.1258684639290633e-13,4.01077595290983e-14,3.137879989037593e-16,1.869125760847511e-14,4.01077595290983e-14,1.0721769287028845e-13
clockmon_sensing_104.0_0_0_48.0_0_0,"[104.0, 0, 0, 48.0, 0, 0]",4.482093433429123e-14,5.791340984312597e-18,8.160058918299199e-15,3.1812985968240626e-16,5.791340984312597e-18,4.129465858400766e-14,2.24919052981711e-16,5.112010611182483e-15,8.160058918299199e-15,2.24919052981711e-16,1.1281964829041022e-13,4.029022173164098e-14,3.1812985968240626e-16,5.112010611182483e-15,4.029022173164098e-14,1.1433513477676993e-13
clockmon_sensing_104.0_0_0_76.0_0_0,"[104.0, 0, 0, 76.0, 0, 0]",4.483177287372303e-14,6.938108668391286e-18,8.161054635096185e-15,3.176477174167026e-16,6.938108668391286e-18,4.3034749947666605e-14,2.710675346425212e-16,6.637806570427119e-15,8.161054635096185e-15,2.710675346425212e-16,1.1280994928714025e-13,4.027149535277933e-14,3.176477174167026e-16,6.637806570427119e-15,4.027149535277933e-14,1.1357404763361175e-13
clockmon_sensing_132.0_0_0_104.0_0_0,"[132.0, 0, 0, 104.0, 0, 0]",4.667811782903464e-14,9.167222875877871e-18,9.684803691207647e-15,3.6314228387584905e-16,9.167222875877871e-18,4.4826205886991256e-14,3.16658387477927e-16,8.161097769837816e-15,9.684803691207647e-15,3.16658387477927e-16,1.1199601789451943e-13,4.02321304514698e-14,3.6314228387584905e-16,8.161097769837816e-15,4.02321304514698e-14,1.1276909476625622e-13
clockmon_sensing_132.0_0_0_132.0_0_0,"[132.0, 0, 0, 132.0, 0, 0]",4.667438959465263e-14,1.049247479994572e-17,9.685676097183326e-15,3.631687534072947e-16,1.049247479994572e-17,4.6648076126359526e-14,3.631122254275736e-16,9.682347419077804e-15,9.685676097183326e-15,3.631122254275736e-16,1.119720316121736e-13,4.02104847316012e-14,3.631687534072947e-16,9.682347419077804e-15,4.02104847316012e-14,1.1199616925039872e-13
clockmon_sensing_132.0_0_0_160.0_0_0,"[132.0, 0, 0, 160.0, 0, 0]",4.6675796250607253e-14,1.178299411111504e-17,9.684759612604455e-15,3.622787287015498e-16,1.178299411111504e-17,4.8516194459780373e-14,4.091364122457225e-16,1.120547072283274e-14,9.684759612604455e-15,4.091364122457225e-16,1.119483241351514e-13,4.019052078427683e-14,3.622787287015498e-16,1.120547072283274e-14,4.019052078427683e-14,1.1119349266498127e-13
clockmon_sensing_132.0_0_0_188.0_0_0,"[132.0, 0, 0, 188.0, 0, 0]",4.6670573099350855e-14,1.303864374592405e-17,9.684905452147308e-15,3.6165609109881496e-16,1.303864374592405e-17,5.038462943228194e-14,4.54896067899709e-16,1.272307080774768e-14,9.684905452147308e-15,4.54896067899709e-16,1.1192112500067543e-13,4.017017759260115e-14,3.6165609109881496e-16,1.272307080774768e-14,4.017017759260115e-14,1.1039589632367955e-13
clockmon_sensing_132.0_0_0_20.0_0_0,"[132.0, 0, 0, 20.0, 0, 0]",4.6683759753502356e-14,5.373266068646704e-18,9.685231162652518e-15,3.65476093342192e-16,5.373266068646704e-18,3.977485729309105e-14,1.80519647406394e-16,3.611107673746303e-15,9.685231162652518e-15,1.80519647406394e-16,1.1207491405309907e-13,4.029547850247014e-14,3.65476093342192e-16,3.611107673746303e-15,4.029547850247014e-14,1.1503828567524737e-13
clockmon_sensing_132.0_0_0_216.0_0_0,"[132.0, 0, 0, 216.0, 0, 0]",4.6666791745867805e-14,1.436958872201018e-17,9.688204672987082e-15,3.61510048815018e-16,1.436958872201018e-17,5.228911447470498e-14,5.010325433138991e-16,1.423750666025667e-14,9.688204672987082e-15,5.010325433138991e-16,1.1198449094134486e-13,4.017182049338497e-14,3.61510048815018e-16,1.423750666025667e-14,4.017182049338497e-14,1.0968372530102406e-13
clockmon_sensing_132.0_0_0_244.0_0_0,"[132.0, 0, 0, 244.0, 0, 0]",4.6647974177860594e-14,1.5630645474903246e-17,9.684881068421505e-15,3.6089581337902724e-16,1.5630645474903246e-17,5.4174952922529475e-14,5.457646786270485e-16,1.572503698258981e-14,9.684881068421505e-15,5.457646786270485e-16,1.1186039331420471e-13,4.012715424921263e-14,3.6089581337902724e-16,1.572503698258981e-14,4.012715424921263e-14,1.0878883886949943e-13
clockmon_sensing_132.0_0_0_272.0_0_0,"[132.0, 0, 0, 272.0, 0, 0]",4.664292364579897e-14,1.689526289022393e-17,9.684164853604585e-15,3.603423891742566e-16,1.689526289022393e-17,5.611259924280185e-14,5.902225836651048e-16,1.721378514715207e-14,9.684164853604585e-15,5.902225836651048e-16,1.1182652700797424e-13,4.010590563687528e-14,3.603423891742566e-16,1.721378514715207e-14,4.010590563687528e-14,1.0798307873145759e-13
clockmon_sensing_132.0_0_0_300.0_0_0,"[132.0, 0, 0, 300.0, 0, 0]",4.664093759027493e-14,1.814613102679138e-17,9.687081118911152e-15,3.598995915927523e-16,1.814613102679138e-17,5.807273844218275e-14,6.344953807102403e-16,1.869763309559673e-14,9.687081118911152e-15,6.344953807102403e-16,1.1189268818842636e-13,4.011003648861825e-14,3.598995915927523e-16,1.869763309559673e-14,4.011003648861825e-14,1.0727722319937607e-13
clockmon_sensing_132.0_0_0_48.0_0_0,"[132.0, 0, 0, 48.0, 0, 0]",4.665276679788766e-14,6.615641465497921e-18,9.685240885952425e-15,3.6483141677025223e-16,6.615641465497921e-18,4.1294176377251024e-14,2.245840708637771e-16,5.112005538571165e-15,9.685240885952425e-15,2.245840708637771e-16,1.1202919392867994e-13,4.026925402784097e-14,3.6483141677025223e-16,5.112005538571165e-15,4.026925402784097e-14,1.1430986394140313e-13
clockmon_sensing_132.0_0_0_76.0_0_0,"[132.0, 0, 0, 76.0, 0, 0]",4.66771554702116e-14,7.8825610931748e-18,9.685105631472655e-15,3.637138954167511e-16,7.8825610931748e-18,4.3035931456644434e-14,2.703629439091171e-16,6.639052678618852e-15,9.685105631472655e-15,2.703629439091171e-16,1.1202040702127571e-13,4.025338220301604e-14,3.637138954167511e-16,6.639052678618852e-15,4.025338220301604e-14,1.1356503425244315e-13
clockmon_sensing_160.0_0_0_104.0_0_0,"[160.0, 0, 0, 104.0, 0, 0]",4.853933075474539e-14,1.035747618891166e-17,1.1208217428806079e-14,4.099343970641317e-16,1.035747618891166e-17,4.4823453960658864e-14,3.16557485229515e-16,8.161636128315718e-15,1.1208217428806079e-14,3.16557485229515e-16,1.1120211146071272e-13,4.02089189145039e-14,4.099343970641317e-16,8.161636128315718e-15,4.02089189145039e-14,1.1273773600969824e-13
clockmon_sensing_160.0_0_0_132.0_0_0,"[160.0, 0, 0, 132.0, 0, 0]",4.854269262062649e-14,1.178862294077712e-17,1.120860750350499e-14,4.094107491570414e-16,1.178862294077712e-17,4.6648270348209336e-14,3.62571797458309e-16,9.682588873014432e-15,1.120860750350499e-14,3.62571797458309e-16,1.1118058832303564e-13,4.018861658710523e-14,4.094107491570414e-16,9.682588873014432e-15,4.018861658710523e-14,1.119658641108846e-13
clockmon_sensing_160.0_0_0_160.0_0_0,"[160.0, 0, 0, 160.0, 0, 0]",4.8535262156806567e-14,1.324789761154687e-17,1.120799264140493e-14,4.087395515345366e-16,1.324789761154687e-17,4.851196891045333e-14,4.087087992144482e-16,1.12055233054575e-14,1.120799264140493e-14,4.087087992144482e-16,1.1114885001928869e-13,4.016958626735205e-14,4.087395515345366e-16,1.12055233054575e-14,4.016958626735205e-14,1.1117202576399561e-13
clockmon_sensing_160.0_0_0_188.0_0_0,"[160.0, 0, 0, 188.0, 0, 0]",4.8538547084761934e-14,1.473560310453931e-17,1.12119968023663e-14,4.083919893215545e-16,1.473560310453931e-17,5.038368317155119e-14,4.548758647989492e-16,1.27273267627237e-14,1.12119968023663e-14,4.548758647989492e-16,1.1121547661759292e-13,4.016952101152546e-14,4.083919893215545e-16,1.27273267627237e-14,4.016952101152546e-14,1.1046255053503169e-13
clockmon_sensing_160.0_0_0_20.0_0_0,"[160.0, 0, 0, 20.0, 0, 0]",4.855174633804607e-14,6.026314638976468e-18,1.1208145493222831e-14,4.119331368953406e-16,6.026314638976468e-18,3.977756051970698e-14,1.801758211968708e-16,3.611060098497005e-15,1.1208145493222831e-14,1.801758211968708e-16,1.1127789885631966e-13,4.027490846452025e-14,4.119331368953406e-16,3.611060098497005e-15,4.027490846452025e-14,1.150173961147558e-13
clockmon_sensing_160.0_0_0_216.0_0_0,"[160.0, 0, 0, 216.0, 0, 0]",4.851957738539801e-14,1.61469811716542e-17,1.120649535693973e-14,4.073934217541387e-16,1.61469811716542e-17,5.2278724207183394e-14,4.99917979834202e-16,1.423302213708059e-14,1.120649535693973e-14,4.99917979834202e-16,1.1109566762255197e-13,4.01281806291632e-14,4.073934217541387e-16,1.423302213708059e-14,4.01281806291632e-14,1.0957049993252696e-13
clockmon_sensing_160.0_0_0_244.0_0_0,"[160.0, 0, 0, 244.0, 0, 0]",4.8520310235829916e-14,1.75618024566485e-17,1.1207131706691179e-14,4.068789579324499e-16,1.75618024566485e-17,5.418906719161784e-14,5.448876792230391e-16,1.572574211320526e-14,1.1207131706691179e-14,5.448876792230391e-16,1.1107175683028705e-13,4.010760994335974e-14,4.068789579324499e-16,1.572574211320526e-14,4.010760994335974e-14,1.0876777235522964e-13
clockmon_sensing_160.0_0_0_272.0_0_0,"[160.0, 0, 0, 272.0, 0, 0]",4.851232611071927e-14,1.897033623126805e-17,1.121075436059141e-14,4.064112708340689e-16,1.897033623126805e-17,5.611778241155335e-14,5.897465148613469e-16,1.722101627202898e-14,1.121075436059141e-14,5.897465148613469e-16,1.1112622420449601e-13,4.011070598322033e-14,4.064112708340689e-16,1.722101627202898e-14,4.011070598322033e-14,1.0804674003208953e-13
clockmon_sensing_160.0_0_0_300.0_0_0,"[160.0, 0, 0, 300.0, 0, 0]",4.851032981769273e-14,2.037767297335381e-17,1.121064236355026e-14,4.05843515594972e-16,2.037767297335381e-17,5.807714835626622e-14,6.336281631161161e-16,1.869842774192674e-14,1.121064236355026e-14,6.336281631161161e-16,1.1110076232648888e-13,4.009136130346673e-14,4.05843515594972e-16,1.869842774192674e-14,4.009136130346673e-14,1.0724732501142545e-13
clockmon_sensing_160.0_0_0_48.0_0_0,"[160.0, 0, 0, 48.0, 0, 0]",4.8522943209945685e-14,7.407413969287111e-18,1.120735412071383e-14,4.11167995132138e-16,7.407413969287111e-18,4.1303268216391674e-14,2.241352398843266e-16,5.113234468073444e-15,1.120735412071383e-14,2.241352398843266e-16,1.112441472651558e-13,4.025018770016416e-14,4.11167995132138e-16,5.113234468073444e-15,4.025018770016416e-14,1.1428396397023895e-13
clockmon_sensing_160.0_0_0_76.0_0_0,"[160.0, 0, 0, 76.0, 0, 0]",4.8538370428165216e-14,8.908384837352212e-18,1.120825279220667e-14,4.106223652565048e-16,8.908384837352212e-18,4.303352408259919e-14,2.7028916186075e-16,6.637817260264616e-15,1.120825279220667e-14,2.7028916186075e-16,1.1122563908215185e-13,4.022952848318433e-14,4.106223652565048e-16,6.637817260264616e-15,4.022952848318433e-14,1.1352401846313645e-13
clockmon_sensing_188.0_0_0_104.0_0_0,"[188.0, 0, 0, 104.0, 0, 0]",5.041462273932205e-14,1.149459832708233e-17,1.2726100882943711e-14,4.558949852396419e-16,1.149459832708233e-17,4.482490579668674e-14,3.160363904554242e-16,8.161517783704939e-15,1.2726100882943711e-14,3.160363904554242e-16,1.104076856910377e-13,4.018837448230346e-14,4.558949852396419e-16,8.161517783704939e-15,4.018837448230346e-14,1.1271389581253607e-13
clockmon_sensing_188.0_0_0_132.0_0_0,"[188.0, 0, 0, 132.0, 0, 0]",5.0410052293320554e-14,1.307608028714292e-17,1.272609644813328e-14,4.553611994719102e-16,1.307608028714292e-17,4.6642686097238687e-14,3.619712376747019e-16,9.68215472716114e-15,1.272609644813328e-14,3.619712376747019e-16,1.1038017914732682e-13,4.0168079066710704e-14,4.553611994719102e-16,9.68215472716114e-15,4.0168079066710704e-14,1.1194083925141715e-13
clockmon_sensing_188.0_0_0_160.0_0_0,"[188.0, 0, 0, 160.0, 0, 0]",5.041236650488551e-14,1.468558063783979e-17,1.272577107848197e-14,4.545893917882296e-16,1.468558063783979e-17,4.8513185527507325e-14,4.080104569405065e-16,1.120548256960163e-14,1.272577107848197e-14,4.080104569405065e-16,1.1035392044770641e-13,4.014936946648242e-14,4.545893917882296e-16,1.120548256960163e-14,4.014936946648242e-14,1.1114785169058663e-13
clockmon_sensing_188.0_0_0_188.0_0_0,"[188.0, 0, 0, 188.0, 0, 0]",5.0401218598331073e-14,1.630539711470036e-17,1.27289427560667e-14,4.540666789879518e-16,1.630539711470036e-17,5.037497970048678e-14,4.541446087163639e-16,1.272660834260392e-14,1.27289427560667e-14,4.541446087163639e-16,1.1041091828764593e-13,4.014973200335899e-14,4.540666789879518e-16,1.272660834260392e-14,4.014973200335899e-14,1.1043454860236634e-13
clockmon_sensing_188.0_0_0_20.0_0_0,"[188.0, 0, 0, 20.0, 0, 0]",5.0423474101204146e-14,6.684028270265918e-18,1.272631790184673e-14,4.581377732978322e-16,6.684028270265918e-18,3.977726074326699e-14,1.798618779938838e-16,3.611015067613276e-15,1.272631790184673e-14,1.798618779938838e-16,1.1048190025902028e-13,4.02541956634395e-14,4.581377732978322e-16,3.611015067613276e-15,4.02541956634395e-14,1.149931061553762e-13
clockmon_sensing_188.0_0_0_216.0_0_0,"[188.0, 0, 0, 216.0, 0, 0]",5.0389403285745685e-14,1.789384553321795e-17,1.272872638247498e-14,4.533342676395284e-16,1.789384553321795e-17,5.227173423500413e-14,4.996102017609523e-16,1.423742856613503e-14,1.272872638247498e-14,4.996102017609523e-16,1.1038387341594823e-13,4.012959724754935e-14,4.533342676395284e-16,1.423742856613503e-14,4.012959724754935e-14,1.0963195203132579e-13
clockmon_sensing_188.0_0_0_244.0_0_0,"[188.0, 0, 0, 244.0, 0, 0]",5.038731969232489e-14,1.947511389210288e-17,1.272512364475456e-14,4.525164575077699e-16,1.947511389210288e-17,5.417004239221585e-14,5.440573444426946e-16,1.572464178066073e-14,1.272512364475456e-14,5.440573444426946e-16,1.1026741460107204e-13,4.008646888003511e-14,4.525164575077699e-16,1.572464178066073e-14,4.008646888003511e-14,1.0873709591220588e-13
clockmon_sensing_188.0_0_0_272.0_0_0,"[188.0, 0, 0, 272.0, 0, 0]",5.0380000217917886e-14,2.103652785605969e-17,1.272483134232723e-14,4.517941140448814e-16,2.103652785605969e-17,5.6110277502934036e-14,5.883857618735291e-16,1.721377027495002e-14,1.272483134232723e-14,5.883857618735291e-16,1.1023916187731982e-13,4.006545782457173e-14,4.517941140448814e-16,1.721377027495002e-14,4.006545782457173e-14,1.0793189446786904e-13
clockmon_sensing_188.0_0_0_300.0_0_0,"[188.0, 0, 0, 300.0, 0, 0]",5.038186876948642e-14,2.260511743336114e-17,1.272841615775016e-14,4.513649733974308e-16,2.260511743336114e-17,5.807764042599557e-14,6.327099420744681e-16,1.869938972863443e-14,1.272841615775016e-14,6.327099420744681e-16,1.1030904939783269e-13,4.007174379951488e-14,4.513649733974308e-16,1.869938972863443e-14,4.007174379951488e-14,1.0722361062036277e-13
clockmon_sensing_188.0_0_0_48.0_0_0,"[188.0, 0, 0, 48.0, 0, 0]",5.039341956057552e-14,8.258165171537366e-18,1.272527874030709e-14,4.575260765852439e-16,8.258165171537366e-18,4.129398690196106e-14,2.238835537324238e-16,5.112565323045317e-15,1.272527874030709e-14,2.238835537324238e-16,1.1044047841736597e-13,4.022919956450302e-14,4.575260765852439e-16,5.112565323045317e-15,4.022919956450302e-14,1.1425952249482292e-13
clockmon_sensing_188.0_0_0_76.0_0_0,"[188.0, 0, 0, 76.0, 0, 0]",5.041644271285887e-14,9.87354501841259e-18,1.272618778050192e-14,4.566077223626023e-16,9.87354501841259e-18,4.3037023359551105e-14,2.697747068009135e-16,6.637819229244484e-15,1.272618778050192e-14,2.697747068009135e-16,1.1043251946920967e-13,4.020951483736809e-14,4.566077223626023e-16,6.637819229244484e-15,4.020951483736809e-14,1.1349964149664493e-13
clockmon_sensing_20.0_0_0_104.0_0_0,"[20.0, 0, 0, 104.0, 0, 0]",3.976154605833805e-14,4.71883637660903e-18,3.612405596395943e-15,1.808618062510088e-16,4.71883637660903e-18,4.480910807064403e-14,3.1903598189259425e-16,8.160914181719458e-15,3.612405596395943e-15,3.1903598189259425e-16,1.1505171669369113e-13,4.031105511326584e-14,1.808618062510088e-16,8.160914181719458e-15,4.031105511326584e-14,1.1285035627315929e-13
clockmon_sensing_20.0_0_0_132.0_0_0,"[20.0, 0, 0, 132.0, 0, 0]",3.977418252638792e-14,5.379360006053556e-18,3.612365033531359e-15,1.805438939763061e-16,5.379360006053556e-18,4.66488862928859e-14,3.655043382280229e-16,9.68258800779307e-15,3.612365033531359e-15,3.655043382280229e-16,1.1503636046141083e-13,4.029506879603612e-14,1.805438939763061e-16,9.68258800779307e-15,4.029506879603612e-14,1.120863946411815e-13
clockmon_sensing_20.0_0_0_160.0_0_0,"[20.0, 0, 0, 160.0, 0, 0]",3.977757496317183e-14,6.001118133902834e-18,3.611754183472062e-15,1.799658541568433e-16,6.001118133902834e-18,4.851987095152357e-14,4.115847797993802e-16,1.12056627804118e-14,3.611754183472062e-15,4.115847797993802e-16,1.1501086881433331e-13,4.027654428228453e-14,1.799658541568433e-16,1.12056627804118e-14,4.027654428228453e-14,1.1128945739026762e-13
clockmon_sensing_20.0_0_0_188.0_0_0,"[20.0, 0, 0, 188.0, 0, 0]",3.977404014933757e-14,6.713957137297967e-18,3.611858207662293e-15,1.798360762421732e-16,6.713957137297967e-18,5.038860569704954e-14,4.581630760213978e-16,1.272361913431709e-14,3.611858207662293e-15,4.581630760213978e-16,1.149852084649637e-13,4.025410495314919e-14,1.798360762421732e-16,1.272361913431709e-14,4.025410495314919e-14,1.1049488493038604e-13
clockmon_sensing_20.0_0_0_20.0_0_0,"[20.0, 0, 0, 20.0, 0, 0]",3.977352430087667e-14,2.771099656640636e-18,3.612190398939744e-15,1.818208514124442e-16,2.771099656640636e-18,3.9778853459685456e-14,1.817214123104593e-16,3.611224199687786e-15,3.612190398939744e-15,1.817214123104593e-16,1.1512988509927553e-13,4.038098471018858e-14,1.818208514124442e-16,3.611224199687786e-15,4.038098471018858e-14,1.151354575947335e-13
clockmon_sensing_20.0_0_0_216.0_0_0,"[20.0, 0, 0, 216.0, 0, 0]",3.976868218686675e-14,7.353727725318044e-18,3.611964854992647e-15,1.796033653247658e-16,7.353727725318044e-18,5.229318319727624e-14,5.039448995260543e-16,1.423332668766185e-14,3.611964854992647e-15,5.039448995260543e-16,1.1495269557139776e-13,4.023395978725305e-14,1.796033653247658e-16,1.423332668766185e-14,4.023395978725305e-14,1.0969580977358821e-13
clockmon_sensing_20.0_0_0_244.0_0_0,"[20.0, 0, 0, 244.0, 0, 0]",3.9760694990653576e-14,7.99671153374314e-18,3.611789884804398e-15,1.791166161100521e-16,7.99671153374314e-18,5.4183463861592925e-14,5.490924836372836e-16,1.57252392136852e-14,3.611789884804398e-15,5.490924836372836e-16,1.149258164176147e-13,4.021143822871864e-14,1.791166161100521e-16,1.57252392136852e-14,4.021143822871864e-14,1.088865508015388e-13
clockmon_sensing_20.0_0_0_272.0_0_0,"[20.0, 0, 0, 272.0, 0, 0]",3.976826497680472e-14,8.633730525429762e-18,3.611860640055984e-15,1.788099147820078e-16,8.633730525429762e-18,5.616277898754315e-14,5.940331324639809e-16,1.721828540576492e-14,3.611860640055984e-15,5.940331324639809e-16,1.1490383777504466e-13,4.019445132811209e-14,1.788099147820078e-16,1.721828540576492e-14,4.019445132811209e-14,1.08088296904045e-13
clockmon_sensing_20.0_0_0_300.0_0_0,"[20.0, 0, 0, 300.0, 0, 0]",3.976592991127234e-14,9.311543922766003e-18,3.612441958277316e-15,1.788582192943442e-16,9.311543922766003e-18,5.810814085687941e-14,6.385542478488979e-16,1.870123791122233e-14,3.612441958277316e-15,6.385542478488979e-16,1.1487857687367485e-13,4.017422303323835e-14,1.788582192943442e-16,1.870123791122233e-14,4.017422303323835e-14,1.0728641491350668e-13
clockmon_sensing_20.0_0_0_48.0_0_0,"[20.0, 0, 0, 48.0, 0, 0]",3.975746625343488e-14,3.403962962049232e-18,3.612412808601005e-15,1.814726962522378e-16,3.403962962049232e-18,4.1292441934650165e-14,2.261941803325822e-16,5.112472094309976e-15,3.612412808601005e-15,2.261941803325822e-16,1.1509194847611686e-13,4.035266359207224e-14,1.814726962522378e-16,5.112472094309976e-15,4.035266359207224e-14,1.1439728105483404e-13
clockmon_sensing_20.0_0_0_76.0_0_0,"[20.0, 0, 0, 76.0, 0, 0]",3.976184836007563e-14,4.056042478853741e-18,3.612415149111301e-15,1.8116957509408472e-16,4.056042478853741e-18,4.301905671488664e-14,2.724126358514534e-16,6.638209602297868e-15,3.612415149111301e-15,2.724126358514534e-16,1.1507634269689867e-13,4.033224628525339e-14,1.8116957509408472e-16,6.638209602297868e-15,4.033224628525339e-14,1.1363645295676566e-13
clockmon_sensing_216.0_0_0_104.0_0_0,"[216.0, 0, 0, 104.0, 0, 0]",5.2283342857257465e-14,1.262756415336138e-17,1.423230306109816e-14,5.018508471173189e-16,1.262756415336138e-17,4.4813862364692074e-14,3.155078559200653e-16,8.161380096556364e-15,1.423230306109816e-14,3.155078559200653e-16,1.0960808577989996e-13,4.016731243462003e-14,5.018508471173189e-16,8.161380096556364e-15,4.016731243462003e-14,1.1268743054797269e-13
clockmon_sensing_216.0_0_0_132.0_0_0,"[216.0, 0, 0, 132.0, 0, 0]",5.229356541084157e-14,1.435502281171421e-17,1.423207582991009e-14,5.008034034081045e-16,1.435502281171421e-17,4.664314437037767e-14,3.612185909856295e-16,9.682145618359593e-15,1.423207582991009e-14,3.612185909856295e-16,1.0958550213570024e-13,4.014861224664134e-14,5.008034034081045e-16,9.682145618359593e-15,4.014861224664134e-14,1.1191316124218836e-13
clockmon_sensing_216.0_0_0_160.0_0_0,"[216.0, 0, 0, 160.0, 0, 0]",5.2280259839125876e-14,1.607408453487493e-17,1.423171090508781e-14,4.99793980029978e-16,1.607408453487493e-17,4.850476154070385e-14,4.071401378344707e-16,1.120500949709628e-14,1.423171090508781e-14,4.071401378344707e-16,1.0955542332821653e-13,4.012828142374848e-14,4.99793980029978e-16,1.120500949709628e-14,4.012828142374848e-14,1.1111842446576355e-13
clockmon_sensing_216.0_0_0_188.0_0_0,"[216.0, 0, 0, 188.0, 0, 0]",5.227445340958809e-14,1.788735235332034e-17,1.423618544549541e-14,4.994996149168497e-16,1.788735235332034e-17,5.037171818668893e-14,4.533260215247588e-16,1.272568049424107e-14,1.423618544549541e-14,4.533260215247588e-16,1.0961278258019106e-13,4.012971807375768e-14,4.994996149168497e-16,1.272568049424107e-14,4.012971807375768e-14,1.104090018200512e-13
clockmon_sensing_216.0_0_0_20.0_0_0,"[216.0, 0, 0, 20.0, 0, 0]",5.230012682074138e-14,7.344881572671671e-18,1.423223232407072e-14,5.040335656770542e-16,7.344881572671671e-18,3.9773680984114465e-14,1.795842754647543e-16,3.611083937544068e-15,1.423223232407072e-14,1.795842754647543e-16,1.0967798213732103e-13,4.023387704537909e-14,5.040335656770542e-16,3.611083937544068e-15,4.023387704537909e-14,1.1496511480088468e-13
clockmon_sensing_216.0_0_0_216.0_0_0,"[216.0, 0, 0, 216.0, 0, 0]",5.2269105788513565e-14,1.965896799331949e-17,1.423634702890396e-14,4.987945594351976e-16,1.965896799331949e-17,5.2268502237536563e-14,4.987557265309462e-16,1.423729856266061e-14,1.423634702890396e-14,4.987557265309462e-16,1.0958986468122735e-13,4.010940738286364e-14,4.987945594351976e-16,1.423729856266061e-14,4.010940738286364e-14,1.0960688076362186e-13
clockmon_sensing_216.0_0_0_244.0_0_0,"[216.0, 0, 0, 244.0, 0, 0]",5.2261105614957534e-14,2.13933855094746e-17,1.423152631017374e-14,4.97844253194328e-16,2.13933855094746e-17,5.416539535491628e-14,5.432846251845319e-16,1.57245917201527e-14,1.423152631017374e-14,5.432846251845319e-16,1.0946961559657102e-13,4.006528531952279e-14,4.97844253194328e-16,1.57245917201527e-14,4.006528531952279e-14,1.0871044841755847e-13
clockmon_sensing_216.0_0_0_272.0_0_0,"[216.0, 0, 0, 272.0, 0, 0]",5.226111741130997e-14,2.31110245010953e-17,1.423569233107647e-14,4.973496929038914e-16,2.31110245010953e-17,5.6107380925910024e-14,5.877837332938815e-16,1.72194608633032e-14,1.423569233107647e-14,5.877837332938815e-16,1.0953667533522898e-13,4.006908851390106e-14,4.973496929038914e-16,1.72194608633032e-14,4.006908851390106e-14,1.0799253376756876e-13
clockmon_sensing_216.0_0_0_300.0_0_0,"[216.0, 0, 0, 300.0, 0, 0]",5.2259454194349036e-14,2.482214101565608e-17,1.423545676837976e-14,4.966187998372111e-16,2.482214101565608e-17,5.806773139324734e-14,6.315500260362788e-16,1.8696578852049004e-14,1.423545676837976e-14,6.315500260362788e-16,1.0951052619373323e-13,4.004929748784753e-14,4.966187998372111e-16,1.8696578852049004e-14,4.004929748784753e-14,1.0720309742762716e-13
clockmon_sensing_216.0_0_0_48.0_0_0,"[216.0, 0, 0, 48.0, 0, 0]",5.227466266791835e-14,9.069510940800123e-18,1.423214789751541e-14,5.033621804328128e-16,9.069510940800123e-18,4.129252184784451e-14,2.235318115461449e-16,5.112576121958201e-15,1.423214789751541e-14,2.235318115461449e-16,1.096442064184084e-13,4.020932754068965e-14,5.033621804328128e-16,5.112576121958201e-15,4.020932754068965e-14,1.1423704756233833e-13
clockmon_sensing_216.0_0_0_76.0_0_0,"[216.0, 0, 0, 76.0, 0, 0]",5.2294099142833646e-14,1.079197514449806e-17,1.423167298508358e-14,5.021270906546501e-16,1.079197514449806e-17,4.302982248544873e-14,2.690602492115306e-16,6.638938607363169e-15,1.423167298508358e-14,2.690602492115306e-16,1.0962537390076523e-13,4.019108540375167e-14,5.021270906546501e-16,6.638938607363169e-15,4.019108540375167e-14,1.1348941579003231e-13
clockmon_sensing_244.0_0_0_104.0_0_0,"[244.0, 0, 0, 104.0, 0, 0]",5.4175131217356564e-14,1.364177161004301e-17,1.572643599725785e-14,5.462886227172287e-16,1.364177161004301e-17,4.4804220558716637e-14,3.148476559876587e-16,8.159274930252508e-15,1.572643599725785e-14,3.148476559876587e-16,1.087994851679927e-13,4.014680142201188e-14,5.462886227172287e-16,8.159274930252508e-15,4.014680142201188e-14,1.1265769769262471e-13
clockmon_sensing_244.0_0_0_132.0_0_0,"[244.0, 0, 0, 132.0, 0, 0]",5.417736834052881e-14,1.561870407461858e-17,1.572757752078468e-14,5.457072299149446e-16,1.561870407461858e-17,4.663083899285476e-14,3.608276875848787e-16,9.68149961175684e-15,1.572757752078468e-14,3.608276875848787e-16,1.0878138858780393e-13,4.0127641191365107e-14,5.457072299149446e-16,9.68149961175684e-15,4.0127641191365107e-14,1.118859270684251e-13
clockmon_sensing_244.0_0_0_160.0_0_0,"[244.0, 0, 0, 160.0, 0, 0]",5.417491048578348e-14,1.756987918299027e-17,1.572710793860448e-14,5.446886804701575e-16,1.756987918299027e-17,4.849615029880094e-14,4.066181597826083e-16,1.12034646637463e-14,1.572710793860448e-14,4.066181597826083e-16,1.0874954872194899e-13,4.010628517522123e-14,5.446886804701575e-16,1.12034646637463e-14,4.010628517522123e-14,1.1108149477937972e-13
clockmon_sensing_244.0_0_0_188.0_0_0,"[244.0, 0, 0, 188.0, 0, 0]",5.417013566229907e-14,1.948722873715054e-17,1.572630118297611e-14,5.438172018453244e-16,1.948722873715054e-17,5.03660103840624e-14,4.522005207432595e-16,1.272161174998835e-14,1.572630118297611e-14,4.522005207432595e-16,1.0872484257164469e-13,4.008565863129765e-14,5.438172018453244e-16,1.272161174998835e-14,4.008565863129765e-14,1.1028534830889898e-13
clockmon_sensing_244.0_0_0_20.0_0_0,"[244.0, 0, 0, 20.0, 0, 0]",5.418765214591403e-14,8.004995033011143e-18,1.57276237439588e-14,5.491253411047588e-16,8.004995033011143e-18,3.977011787809549e-14,1.792827068409802e-16,3.610967050322444e-15,1.57276237439588e-14,1.792827068409802e-16,1.0888181993565807e-13,4.021351576609667e-14,5.491253411047588e-16,3.610967050322444e-15,4.021351576609667e-14,1.1492985064111835e-13
clockmon_sensing_244.0_0_0_216.0_0_0,"[244.0, 0, 0, 216.0, 0, 0]",5.41695327504712e-14,2.137176138938921e-17,1.573147817981599e-14,5.432976998452594e-16,2.137176138938921e-17,5.226533449528956e-14,4.979357744705212e-16,1.423672384590834e-14,1.573147817981599e-14,4.979357744705212e-16,1.0879039458215233e-13,4.008856190117927e-14,5.432976998452594e-16,1.423672384590834e-14,4.008856190117927e-14,1.0957633547313195e-13
clockmon_sensing_244.0_0_0_244.0_0_0,"[244.0, 0, 0, 244.0, 0, 0]",5.4161286330140196e-14,2.32664816296459e-17,1.5725056773453177e-14,5.422472892288215e-16,2.32664816296459e-17,5.4155165141751046e-14,5.42325975714215e-16,1.572472237963187e-14,1.5725056773453177e-14,5.42325975714215e-16,1.0866956611176543e-13,4.004186129032258e-14,5.422472892288215e-16,1.572472237963187e-14,4.004186129032258e-14,1.0867734903964593e-13
clockmon_sensing_244.0_0_0_272.0_0_0,"[244.0, 0, 0, 272.0, 0, 0]",5.415996712736173e-14,2.514704988214243e-17,1.572558527780379e-14,5.41457137122257e-16,2.514704988214243e-17,5.609714361620051e-14,5.865830911745437e-16,1.7210456674778738e-14,1.572558527780379e-14,5.865830911745437e-16,1.0864477532446882e-13,4.002248755674964e-14,5.41457137122257e-16,1.7210456674778738e-14,4.002248755674964e-14,1.0787990809340066e-13
clockmon_sensing_244.0_0_0_300.0_0_0,"[244.0, 0, 0, 300.0, 0, 0]",5.415636517022541e-14,2.699322350311883e-17,1.573034410345296e-14,5.409263764373596e-16,2.699322350311883e-17,5.80543454158984e-14,6.304185307060415e-16,1.868970402484629e-14,1.573034410345296e-14,6.304185307060415e-16,1.0871010769845719e-13,4.002683389322622e-14,5.409263764373596e-16,1.868970402484629e-14,4.002683389322622e-14,1.0717311784377143e-13
clockmon_sensing_244.0_0_0_48.0_0_0,"[244.0, 0, 0, 48.0, 0, 0]",5.4166900286618455e-14,9.866149531280632e-18,1.572425947084821e-14,5.482282402914148e-16,9.866149531280632e-18,4.1284118097880396e-14,2.231684880049844e-16,5.110556269079045e-15,1.572425947084821e-14,2.231684880049844e-16,1.0884211026810374e-13,4.018181938891137e-14,5.482282402914148e-16,5.110556269079045e-15,4.018181938891137e-14,1.1419887611423436e-13
clockmon_sensing_244.0_0_0_76.0_0_0,"[244.0, 0, 0, 76.0, 0, 0]",5.4178154292028974e-14,1.170461944258225e-17,1.572667570124632e-14,5.47175255879911e-16,1.170461944258225e-17,4.3016809629989856e-14,2.687650393612763e-16,6.638501531989135e-15,1.572667570124632e-14,2.687650393612763e-16,1.088273863886076e-13,4.01692194421219e-14,5.47175255879911e-16,6.638501531989135e-15,4.01692194421219e-14,1.1345433658314995e-13
clockmon_sensing_272.0_0_0_104.0_0_0,"[272.0, 0, 0, 104.0, 0, 0]",5.61264928244087e-14,1.480663173775207e-17,1.72165270970711e-14,5.911449832629047e-16,1.480663173775207e-17,4.480757211336644e-14,3.145159124538331e-16,8.160230875466479e-15,1.72165270970711e-14,3.145159124538331e-16,1.0800891424098102e-13,4.012832448600855e-14,5.911449832629047e-16,8.160230875466479e-15,4.012832448600855e-14,1.1263156252559445e-13
clockmon_sensing_272.0_0_0_132.0_0_0,"[272.0, 0, 0, 132.0, 0, 0]",5.6126534161495954e-14,1.6894470889352717e-17,1.72211761789033e-14,5.905075598537801e-16,1.6894470889352717e-17,4.6632304440286345e-14,3.60445401775971e-16,9.685220257516762e-15,1.72211761789033e-14,3.60445401775971e-16,1.0807009552084398e-13,4.013120699384515e-14,5.905075598537801e-16,9.685220257516762e-15,4.013120699384515e-14,1.119485707585486e-13
clockmon_sensing_272.0_0_0_160.0_0_0,"[272.0, 0, 0, 160.0, 0, 0]",5.612058236365783e-14,1.897499986428857e-17,1.722081087166374e-14,5.895541967092684e-16,1.897499986428857e-17,4.8499469550795826e-14,4.064478037815029e-16,1.120816425318899e-14,1.722081087166374e-14,4.064478037815029e-16,1.080421553695771e-13,4.011017916416484e-14,5.895541967092684e-16,1.120816425318899e-14,4.011017916416484e-14,1.111479300651955e-13
clockmon_sensing_272.0_0_0_188.0_0_0,"[272.0, 0, 0, 188.0, 0, 0]",5.611261229071638e-14,2.103801777570886e-17,1.722047537980264e-14,5.886507421787276e-16,2.103801777570886e-17,5.036141517299089e-14,4.52013357824365e-16,1.272590055871897e-14,1.722047537980264e-14,4.52013357824365e-16,1.0801524237736775e-13,4.009051364202396e-14,5.886507421787276e-16,1.272590055871897e-14,4.009051364202396e-14,1.1035234726884995e-13
clockmon_sensing_272.0_0_0_20.0_0_0,"[272.0, 0, 0, 20.0, 0, 0]",5.614919294428517e-14,8.6454887539146e-18,1.72197297595735e-14,5.939990717594006e-16,8.6454887539146e-18,3.9772410623924225e-14,1.790276414208339e-16,3.611024403904555e-15,1.72197297595735e-14,1.790276414208339e-16,1.0808484429355995e-13,4.019443954361834e-14,5.939990717594006e-16,3.611024403904555e-15,4.019443954361834e-14,1.149078921895206e-13
clockmon_sensing_272.0_0_0_216.0_0_0,"[272.0, 0, 0, 216.0, 0, 0]",5.610862118819917e-14,2.310783662073962e-17,1.721957395612685e-14,5.877597492224436e-16,2.310783662073962e-17,5.2252738726966466e-14,4.973139612175142e-16,1.423656947687866e-14,1.721957395612685e-14,4.973139612175142e-16,1.0798665034257779e-13,4.006811548403184e-14,5.877597492224436e-16,1.423656947687866e-14,4.006811548403184e-14,1.0954979087605398e-13
clockmon_sensing_272.0_0_0_244.0_0_0,"[272.0, 0, 0, 244.0, 0, 0]",5.6097625872752256e-14,2.511986161720757e-17,1.721715382534873e-14,5.868046833081743e-16,2.511986161720757e-17,5.415353957730996e-14,5.417564499228165e-16,1.572899551824462e-14,1.721715382534873e-14,5.417564499228165e-16,1.0795920817495515e-13,4.00473151956137e-14,5.868046833081743e-16,1.572899551824462e-14,4.00473151956137e-14,1.0874460104686159e-13
clockmon_sensing_272.0_0_0_272.0_0_0,"[272.0, 0, 0, 272.0, 0, 0]",5.609500557870761e-14,2.715249825792529e-17,1.721662233572413e-14,5.859053266937776e-16,2.715249825792529e-17,5.6097307591840314e-14,5.860660475304245e-16,1.721763048626362e-14,1.721662233572413e-14,5.860660475304245e-16,1.0793344685757421e-13,4.002702537978492e-14,5.859053266937776e-16,1.721763048626362e-14,4.002702537978492e-14,1.0794376223084008e-13
clockmon_sensing_272.0_0_0_300.0_0_0,"[272.0, 0, 0, 300.0, 0, 0]",5.60943779561244e-14,2.91739877272312e-17,1.721677668367289e-14,5.85066862809398e-16,2.91739877272312e-17,5.805642849091817e-14,6.296733150255069e-16,1.869194131200959e-14,1.721677668367289e-14,6.296733150255069e-16,1.0791051041416038e-13,4.000884387758314e-14,5.85066862809398e-16,1.869194131200959e-14,4.000884387758314e-14,1.0714482916791468e-13
clockmon_sensing_272.0_0_0_48.0_0_0,"[272.0, 0, 0, 48.0, 0, 0]",5.6119010270809183e-14,1.065565624543089e-17,1.7215196283504608e-14,5.930440553047991e-16,1.065565624543089e-17,4.128991674665631e-14,2.228164345006231e-16,5.112468208931586e-15,1.7215196283504608e-14,2.228164345006231e-16,1.0805243434669506e-13,4.016705268028166e-14,5.930440553047991e-16,5.112468208931586e-15,4.016705268028166e-14,1.1417555094092343e-13
clockmon_sensing_272.0_0_0_76.0_0_0,"[272.0, 0, 0, 76.0, 0, 0]",5.6128155657619127e-14,1.271269667760545e-17,1.721676182712734e-14,5.920609297933865e-16,1.271269667760545e-17,4.301893581898539e-14,2.685057145450631e-16,6.638068643541258e-15,1.721676182712734e-14,2.685057145450631e-16,1.0803602935074128e-13,4.014935315908949e-14,5.920609297933865e-16,6.638068643541258e-15,4.014935315908949e-14,1.1341659392735008e-13
clockmon_sensing_300.0_0_0_104.0_0_0,"[300.0, 0, 0, 104.0, 0, 0]",5.807917842968749e-14,1.589478270211146e-17,1.869320300779886e-14,6.351065855763146e-16,1.589478270211146e-17,4.479961761017007e-14,3.140275140671838e-16,8.15968432247059e-15,1.869320300779886e-14,3.140275140671838e-16,1.0720487723809512e-13,4.0108372391603234e-14,6.351065855763146e-16,8.15968432247059e-15,4.0108372391603234e-14,1.1260025917650106e-13
clockmon_sensing_300.0_0_0_132.0_0_0,"[300.0, 0, 0, 132.0, 0, 0]",5.808195369845521e-14,1.814383516294302e-17,1.870049353162212e-14,6.345164985466895e-16,1.814383516294302e-17,4.66272979378657e-14,3.599256768183361e-16,9.685054980391548e-15,1.870049353162212e-14,3.599256768183361e-16,1.0726814822140358e-13,4.011237648969276e-14,6.345164985466895e-16,9.685054980391548e-15,4.011237648969276e-14,1.1192198863291781e-13
clockmon_sensing_300.0_0_0_160.0_0_0,"[300.0, 0, 0, 160.0, 0, 0]",5.807994043737695e-14,2.037608804173507e-17,1.870036384289105e-14,6.335123196096776e-16,2.037608804173507e-17,4.849482437182102e-14,4.058596072399287e-16,1.1208036861455512e-14,1.870036384289105e-14,4.058596072399287e-16,1.0724078825954103e-13,4.009167065886356e-14,6.335123196096776e-16,1.1208036861455512e-14,4.009167065886356e-14,1.1112105545295765e-13
clockmon_sensing_300.0_0_0_188.0_0_0,"[300.0, 0, 0, 188.0, 0, 0]",5.807637570304206e-14,2.2593215667313123e-17,1.869911540067808e-14,6.325282231075293e-16,2.2593215667313123e-17,5.0364427430061215e-14,4.512921301502757e-16,1.2724956561528362e-14,1.869911540067808e-14,4.512921301502757e-16,1.0721485193316451e-13,4.007133655656963e-14,6.325282231075293e-16,1.2724956561528362e-14,4.007133655656963e-14,1.1032206116403708e-13
clockmon_sensing_300.0_0_0_20.0_0_0,"[300.0, 0, 0, 20.0, 0, 0]",5.810404160294657e-14,9.288475215338929e-18,1.8704089274743395e-14,6.383223669342932e-16,9.288475215338929e-18,3.977138170479749e-14,1.787514614765466e-16,3.611019812511799e-15,1.8704089274743395e-14,1.787514614765466e-16,1.072845036467724e-13,4.017554067934845e-14,6.383223669342932e-16,3.611019812511799e-15,4.017554067934845e-14,1.1488239477184006e-13
clockmon_sensing_300.0_0_0_216.0_0_0,"[300.0, 0, 0, 216.0, 0, 0]",5.8065316877541e-14,2.4822832113367524e-17,1.869629088306244e-14,6.315481390990322e-16,2.4822832113367524e-17,5.225145141096816e-14,4.965796849300179e-16,1.423617844197247e-14,1.869629088306244e-14,4.965796849300179e-16,1.0718355108909225e-13,4.004898167233358e-14,6.315481390990322e-16,1.423617844197247e-14,4.004898167233358e-14,1.0952417951314544e-13
